0 1
0 2
0 3
0 4
0 5
1 83
1 87
1 106
1 107
1 108
1 1132
1 1387
2 3
2 56
2 229
2 233
2 328
2 733
2 1257
3 108
3 622
3 1787
4 108
4 167
4 235
4 568
4 1138
4 1237
4 1387
5 229
5 392
5 422
5 580
5 1192
5 1257
6 7
6 8
6 9
6 1941
7 11
7 13
7 121
7 206
7 566
7 701
7 804
7 806
7 973
7 1581
8 194
8 342
8 456
8 696
8 893
8 1233
8 1410
8 1546
8 1560
8 1652
9 308
9 1503
9 1939
9 2074
9 2144
9 2145
9 2168
9 2240
10 11
10 12
10 13
10 14
10 15
10 16
10 17
10 431
10 1362
11 12
11 13
11 14
11 52
11 53
12 454
12 620
12 799
12 1121
12 1250
13 14
13 256
13 346
13 1058
13 1274
13 1275
13 1276
14 15
14 16
14 250
14 347
14 348
14 401
14 426
14 431
14 935
14 1035
14 1401
14 1917
15 136
15 346
15 347
15 348
15 354
15 401
15 429
15 1052
15 1518
16 17
16 184
16 344
16 347
16 349
16 510
16 651
16 691
16 817
16 948
16 1128
16 1170
16 1445
16 1714
16 1802
16 1808
17 561
17 948
17 1802
18 19
18 20
18 21
18 22
18 23
18 24
18 381
18 908
18 1069
19 20
19 23
19 195
19 533
19 537
19 836
19 1550
19 1643
20 331
20 525
20 730
20 860
20 915
20 917
20 918
20 1408
21 24
21 309
21 381
21 537
21 644
21 1051
21 1576
21 1622
21 1799
22 23
22 192
22 299
22 559
22 665
22 908
22 1613
22 1916
23 447
23 955
23 1014
23 1298
23 1319
23 1440
23 1741
23 1834
23 1835
23 2401
24 254
24 298
24 791
24 1127
24 1407
24 1576
25 26
25 27
25 28
25 29
25 30
25 31
25 32
25 33
26 133
26 182
26 304
26 1136
26 1393
26 1800
26 1892
27 758
28 330
28 825
28 826
28 827
28 828
29 31
29 845
29 1571
29 1578
29 1678
30 32
30 1359
31 33
31 402
31 1025
31 1558
31 1658
32 802
32 1255
32 1656
33 117
33 149
33 150
33 289
33 357
33 359
33 552
33 889
33 1136
33 1254
33 1718
33 1759
33 1819
34 35
34 36
34 37
34 38
34 39
34 40
34 555
34 862
35 206
35 275
35 383
36 807
36 1024
36 1168
36 1253
36 1431
36 1433
37 555
37 1024
37 1318
37 1455
37 1809
37 1863
37 1932
38 39
38 943
38 948
38 1183
38 1268
38 1618
38 1674
39 125
39 1268
39 1618
40 125
40 1090
40 1222
40 1304
40 1598
40 1674
40 1719
40 1845
41 42
41 43
41 44
41 45
41 46
41 1248
42 82
42 107
42 241
42 658
42 770
42 857
42 858
42 859
42 1019
42 1020
42 1052
42 1129
42 1535
42 2089
42 2148
43 233
43 282
43 283
43 400
43 441
43 442
43 522
43 590
43 811
43 864
43 875
43 1020
43 1255
43 1256
43 1609
43 1666
43 1859
44 487
44 859
44 881
44 1781
45 157
45 160
45 418
45 787
45 875
45 970
45 1452
46 319
46 350
46 475
46 815
46 1103
46 1104
46 1109
46 1205
46 1429
47 48
47 1551
48 95
48 1387
48 1551
49 50
49 51
49 154
49 1079
50 51
50 107
50 207
50 392
50 760
50 762
50 763
50 1032
50 1356
51 52
51 1079
51 1080
51 1112
51 1218
51 1476
51 1525
51 1612
52 194
52 214
52 215
52 216
52 217
52 218
52 219
52 220
52 221
52 1241
53 86
53 152
53 649
53 848
53 1764
53 1804
54 55
54 56
54 57
54 58
54 59
54 60
54 61
54 62
54 1877
55 62
55 84
55 86
55 223
55 225
55 229
55 230
55 231
55 622
55 623
55 624
55 625
55 626
55 978
56 81
56 224
56 233
56 506
56 663
56 829
56 1107
56 1349
56 1445
56 1475
57 271
57 348
57 473
57 475
57 476
57 492
57 1026
57 1348
57 1510
57 1514
57 1877
58 1576
58 1577
59 85
59 220
59 222
59 223
59 349
59 652
59 659
59 829
59 1058
59 1782
60 626
61 144
61 400
61 462
61 1665
62 115
62 693
62 782
62 1134
62 1972
63 64
63 65
63 66
63 67
63 68
63 69
63 70
63 71
63 72
63 492
63 494
63 495
63 595
63 726
63 1294
63 1827
64 65
64 67
64 68
64 70
64 71
64 145
64 146
64 147
64 495
64 1931
64 1959
65 66
65 67
65 68
65 600
65 678
65 679
65 737
65 749
65 771
65 772
65 1750
66 67
66 146
66 147
66 237
66 495
66 600
66 618
66 646
66 678
66 687
66 737
66 772
66 789
66 790
66 791
66 792
66 923
66 968
66 1285
67 68
67 71
67 147
67 596
67 601
67 764
67 768
67 789
67 790
67 925
67 1124
67 1196
67 1283
67 1285
67 1397
67 1507
67 1542
67 1750
68 71
68 72
68 596
68 731
68 851
68 924
68 1196
68 1285
68 1491
68 1542
68 1750
68 2426
69 146
69 147
69 604
69 618
69 646
69 835
69 931
69 1736
69 2123
70 71
70 187
70 494
70 546
70 603
70 639
70 662
70 663
70 752
70 765
70 790
70 924
70 925
70 1034
70 1406
70 1507
71 72
71 583
71 595
71 596
71 726
71 790
72 379
72 494
72 521
72 546
72 600
72 790
72 924
72 1034
72 1507
72 1827
72 1851
73 74
73 75
73 76
73 77
73 78
73 79
74 339
74 478
74 860
75 76
75 79
75 313
75 521
75 609
75 692
75 736
75 932
75 1114
75 1202
75 1310
75 1651
76 78
76 294
76 558
76 730
76 748
76 877
76 996
76 1057
76 1488
76 1975
77 78
77 79
77 292
77 316
77 318
77 377
77 536
77 607
77 699
77 719
77 991
77 992
77 1057
77 1202
77 1353
77 1376
77 1896
77 1991
78 317
78 377
78 535
78 536
78 1057
78 1124
78 1376
78 1488
78 1569
78 1931
79 736
79 958
80 81
80 82
80 83
80 84
80 85
80 86
80 87
80 218
80 222
80 223
80 224
80 225
80 1207
80 1782
81 82
81 84
81 87
81 158
81 219
81 361
81 876
81 881
81 1232
81 1349
82 86
82 87
82 107
82 168
82 219
82 622
82 624
82 632
82 658
82 1108
82 1214
82 1530
82 1782
82 1804
83 84
83 85
83 86
83 87
83 115
83 221
83 223
83 652
83 1104
84 86
84 87
84 96
84 214
84 223
85 219
85 220
85 223
85 347
85 652
85 660
85 661
85 829
85 1475
85 1782
85 1788
86 87
86 1475
86 1804
87 218
87 223
87 1175
87 1475
88 89
88 90
88 91
88 92
88 93
88 94
88 95
88 100
88 1923
88 1973
89 543
90 421
90 1883
90 1923
91 565
91 566
92 95
92 397
92 694
92 698
92 701
92 747
92 777
92 804
93 421
93 439
93 1077
93 1221
93 1704
93 1850
93 1883
94 414
94 470
94 472
94 1279
94 1607
94 1865
95 482
95 698
95 747
95 1145
95 1277
95 1387
95 1669
95 1885
96 97
97 398
97 835
97 946
97 1148
97 1343
97 1609
98 99
98 100
98 101
98 102
98 103
98 104
98 105
98 181
98 743
98 899
98 1267
98 1315
98 1770
98 1793
99 100
99 200
99 564
99 742
99 743
99 780
99 964
99 1210
99 1681
99 1989
100 384
100 778
100 779
100 780
100 781
100 1006
100 1249
100 1267
101 155
101 192
101 297
101 450
101 607
101 617
101 780
101 793
101 794
101 795
101 985
101 1061
101 1283
101 1338
101 1507
101 2315
102 103
102 159
102 227
102 522
102 743
102 780
102 888
102 899
102 926
102 927
102 928
102 1069
102 1075
102 1697
103 204
103 227
103 417
103 522
103 592
103 775
103 843
103 846
103 1040
104 255
104 267
104 450
104 836
104 877
104 1095
104 1124
104 1862
105 566
105 705
105 729
105 780
105 1240
105 1793
106 108
107 624
107 1132
107 1307
108 233
108 236
108 283
108 422
108 733
108 944
108 1138
108 1387
109 110
109 111
109 1114
109 1312
109 1314
109 1391
109 1940
110 909
110 930
110 996
110 1011
110 1350
111 313
111 314
111 1114
111 1310
111 1312
111 1354
111 1391
111 1829
111 1940
112 113
112 114
112 115
112 965
112 1141
113 276
113 356
113 1130
113 1422
113 1445
114 1141
114 1478
115 262
115 329
115 889
115 979
115 1233
115 1347
115 1907
115 1916
116 117
116 118
116 119
116 120
117 896
117 897
117 898
117 1743
118 636
118 1282
118 1592
118 1636
118 1638
119 1814
119 1862
120 1690
120 1743
120 1767
121 122
121 123
121 124
121 125
121 126
121 127
121 1154
121 1311
122 127
122 1404
123 478
123 479
123 602
123 741
123 748
123 824
123 907
123 995
123 998
123 999
123 1044
123 1220
123 1287
123 1291
123 1364
123 1366
123 1369
123 1406
123 1414
123 1488
123 1624
123 1973
124 153
124 396
124 397
124 527
124 654
124 694
124 700
124 701
124 818
124 1006
124 1122
124 1189
124 1300
124 1416
124 1433
124 1478
124 1484
124 1598
124 1885
124 1919
124 1934
125 127
125 1137
125 1284
125 1442
125 1668
125 1777
126 268
126 297
126 765
126 836
126 901
126 914
126 1115
126 1496
127 748
127 788
127 958
127 1161
127 1264
127 1269
127 1270
127 1283
127 1284
127 1417
127 1623
127 1668
127 1840
128 129
128 130
128 131
128 132
128 133
128 134
128 135
128 136
128 269
128 478
128 1328
128 1589
128 1991
129 130
129 131
129 168
129 300
129 301
129 302
129 303
129 304
129 305
129 377
129 812
129 1164
130 131
130 300
130 301
130 303
130 314
130 339
130 532
130 817
130 824
131 153
131 302
131 304
131 305
131 323
131 324
131 327
131 673
131 690
131 710
131 711
131 714
131 812
131 828
131 936
131 1108
131 1129
131 1296
131 1378
131 1538
132 137
132 148
132 302
132 318
132 572
132 686
132 787
132 979
132 1098
132 1106
132 1324
132 1348
132 1658
133 560
133 691
133 963
133 1574
133 1575
134 454
134 739
134 792
134 985
134 992
134 997
134 1060
134 1063
134 1095
135 212
135 331
135 406
135 602
135 808
135 904
135 1368
135 1588
135 1589
135 1750
135 1776
136 228
136 250
136 352
136 790
136 923
136 964
136 1033
136 1034
136 1035
136 1280
136 1497
137 138
137 139
137 140
137 141
137 142
137 153
137 176
137 182
137 1130
138 247
138 248
138 249
138 250
138 251
138 252
138 253
138 566
138 1478
138 1824
138 1888
139 150
139 384
139 385
139 386
139 387
139 388
139 389
139 390
139 391
139 423
139 475
139 570
139 1064
139 1502
139 1677
139 1712
140 311
140 325
140 677
140 690
140 717
140 1047
140 1086
140 1567
140 1571
140 1653
140 1801
140 1822
141 281
141 395
141 402
141 405
141 634
141 647
141 1122
141 1277
141 1278
141 1388
141 1482
141 1670
141 1673
142 154
142 155
142 184
142 324
142 670
142 688
142 1130
142 1488
142 1761
142 1812
143 144
143 198
143 539
143 853
143 1323
143 1346
143 1388
143 1881
144 816
144 1184
144 1278
144 1396
144 1409
144 1577
144 1609
144 1610
144 1665
144 1666
144 1726
145 523
145 887
145 917
145 918
145 1220
145 1323
146 147
146 495
146 535
146 600
146 604
146 606
146 835
146 1770
147 217
147 350
147 494
147 546
147 604
147 606
147 618
147 620
147 687
147 835
147 931
147 1282
147 1382
147 1498
147 2095
148 149
148 150
148 151
148 152
148 153
148 154
148 155
148 975
148 1130
148 1168
148 1429
148 1571
148 1658
148 1757
149 355
149 356
149 357
149 358
149 359
149 419
150 152
150 207
150 253
150 357
150 553
150 817
150 1422
151 152
151 260
151 323
151 540
151 787
151 812
151 1359
151 1380
151 1393
151 1429
151 1430
151 1839
152 1105
152 1812
153 673
153 1571
153 1713
153 1757
153 1821
153 1822
154 1143
154 1749
155 505
155 734
155 742
155 1084
155 1266
155 1957
156 157
156 158
156 159
156 160
156 161
156 162
156 163
156 164
156 165
156 225
156 807
157 163
157 164
157 165
157 221
157 334
157 390
157 416
157 590
157 776
157 1199
157 1629
158 160
158 161
158 274
158 321
158 418
158 770
158 884
158 1415
158 1613
158 1699
159 162
159 227
159 243
159 1039
159 1343
159 1455
160 398
160 529
160 1219
160 1386
161 173
161 548
161 593
161 776
161 1083
161 1172
161 1217
161 1274
161 1386
161 1454
162 208
162 226
162 227
162 239
162 410
162 577
162 580
162 928
162 1204
162 1282
162 1434
162 1452
162 1458
162 1480
163 238
163 239
163 240
163 939
163 1452
163 1529
164 165
164 400
164 590
164 592
164 594
164 976
164 1022
164 1199
164 1769
164 1807
165 242
165 319
165 320
165 321
165 322
165 334
165 390
165 416
165 577
165 580
165 590
165 1023
165 1256
165 1449
166 167
166 168
166 169
166 170
166 171
166 172
166 173
166 174
166 392
166 417
166 460
166 603
166 886
166 1172
166 1193
166 1256
166 1537
166 1688
166 2168
166 2244
167 215
167 231
167 233
167 417
168 169
168 170
168 180
168 218
168 505
168 686
168 734
168 822
169 170
169 474
169 733
169 1070
169 1172
170 180
170 336
170 590
170 593
170 704
170 858
170 1172
170 1194
170 1258
170 1266
170 1808
170 2244
171 462
171 508
171 947
171 1193
171 1194
171 1375
171 1725
172 548
172 581
172 613
172 834
172 955
172 1028
172 1039
172 1065
172 1186
172 1251
172 1621
172 1688
173 225
173 271
173 272
173 351
173 417
173 522
173 593
173 779
173 1172
173 1274
173 1357
173 1456
174 185
174 237
174 238
174 320
174 460
174 703
174 776
174 846
174 1020
174 1138
174 1479
174 1666
174 1669
174 1725
174 1968
175 176
175 177
175 178
175 179
175 180
175 181
175 182
175 480
176 177
176 179
177 179
177 395
177 458
177 934
177 1341
177 1534
177 2502
178 323
178 326
178 392
178 516
178 571
178 665
178 949
178 1064
178 1340
178 1341
178 1393
178 1422
178 1705
178 1706
178 1707
178 1814
179 1340
180 215
180 222
180 224
180 275
180 734
180 1433
180 1451
180 1564
180 1804
180 1864
181 841
181 949
181 1665
181 1666
181 1692
181 1705
181 1779
182 1487
182 1580
182 1798
183 184
184 256
184 358
184 540
184 688
184 1130
184 1403
184 1541
185 186
185 187
185 188
185 189
185 1791
186 319
186 321
186 460
186 770
186 849
186 1556
187 189
187 213
187 556
187 646
187 836
187 850
187 852
187 922
187 924
187 925
187 956
187 1220
187 1486
187 1489
187 1491
187 1967
188 1108
188 1119
188 1421
188 1632
188 1800
188 1831
189 765
189 836
189 850
189 852
189 922
189 924
189 925
189 998
189 1112
189 1123
189 1486
189 1489
189 1491
189 1507
189 1967
190 191
190 192
190 193
190 194
190 195
190 196
190 197
190 198
190 331
190 2021
191 194
191 299
192 194
192 444
192 559
192 574
192 665
192 906
192 907
192 908
192 909
192 910
192 1314
192 1338
193 196
193 197
193 248
193 300
193 376
193 379
193 694
193 802
193 804
193 973
193 1350
194 197
194 331
194 391
194 724
194 1243
194 1580
194 1656
194 2021
194 2402
195 196
195 197
195 929
195 932
196 337
196 339
196 376
196 379
196 448
196 662
196 929
196 932
196 1137
196 1254
196 1310
196 1467
196 1802
196 1851
196 1871
196 2134
197 331
197 376
197 667
197 908
197 1335
198 248
198 276
198 290
198 379
198 904
198 1851
199 200
199 201
199 202
199 203
199 204
199 205
199 206
199 207
199 208
200 203
200 207
200 288
200 289
200 291
200 564
200 680
200 685
200 1910
201 204
201 205
201 207
201 241
201 291
201 1019
201 1452
201 1626
202 204
202 434
202 671
202 1026
202 1074
202 1171
202 1179
202 1211
203 207
203 288
203 289
203 290
203 291
203 357
203 554
203 1254
203 1389
203 1654
203 1695
203 1729
203 1730
203 1863
204 205
204 436
204 496
204 973
204 1171
204 1211
204 1659
205 206
205 207
205 275
205 289
205 291
205 421
205 438
205 496
205 1048
205 1171
205 1211
205 1408
205 1493
205 1494
205 1581
205 1616
206 207
206 275
206 496
206 572
206 705
206 708
206 964
206 1164
206 1172
206 1585
206 1910
207 288
207 289
207 291
207 363
207 431
207 434
207 1178
207 1179
207 1730
208 227
208 244
208 410
208 574
208 577
208 580
208 706
208 707
208 938
208 939
208 940
208 941
208 1204
208 1215
208 1449
208 1633
209 210
209 211
209 212
209 213
209 1162
210 213
210 595
210 609
210 610
210 611
210 612
210 852
211 718
211 783
211 1116
211 1317
211 1442
211 1474
211 1596
211 1598
211 1895
212 339
212 550
212 958
212 1424
213 611
213 850
213 852
213 1287
213 1523
214 220
214 345
214 382
214 451
214 517
214 1105
214 1320
214 1321
214 1322
214 1434
214 1513
214 1892
215 231
215 505
215 509
215 734
215 815
215 1021
215 1468
215 1564
216 217
216 257
216 299
216 530
216 572
216 597
216 604
216 606
216 1000
216 1117
216 1118
216 1173
216 1353
216 1354
217 257
217 299
217 445
217 596
217 606
217 700
217 740
217 835
217 909
217 917
217 987
217 1115
217 1196
217 1294
217 1326
217 1542
217 1630
218 225
218 649
218 650
218 652
218 659
218 1058
219 508
219 510
219 734
219 816
219 822
219 1032
219 1132
219 1398
219 1782
219 1804
220 256
220 966
220 1041
220 1105
220 1320
220 1803
221 232
221 320
221 424
221 1248
221 1481
221 1673
221 1725
222 223
222 224
222 225
222 1052
222 1170
222 1194
222 1670
223 225
223 652
223 1058
223 1175
223 1207
224 225
224 652
224 659
224 660
224 661
224 734
224 829
224 1058
224 1107
224 1108
224 1200
224 1272
224 1782
224 1804
225 650
225 652
225 659
225 661
225 1058
226 227
226 228
226 229
227 518
227 809
227 928
227 1073
227 1203
227 1253
227 1267
227 1499
227 1690
228 229
228 618
228 790
228 1031
228 1034
228 1036
228 1529
228 1561
229 390
229 460
229 702
229 733
229 969
229 1199
230 231
230 232
230 233
230 234
230 235
230 236
230 237
230 2360
231 419
231 505
231 506
231 622
231 734
231 1468
232 234
232 235
232 237
232 657
232 775
232 776
232 777
232 1145
232 1666
233 235
233 236
233 622
233 857
233 876
233 1859
234 235
234 237
234 656
235 236
235 237
235 775
235 945
235 1189
235 1387
235 1700
235 2360
236 704
236 1718
237 320
237 461
237 702
237 703
237 733
237 777
237 813
237 1083
237 1144
237 1479
238 239
238 240
238 241
238 242
238 243
238 244
239 240
239 241
239 279
239 522
239 577
239 580
239 686
239 1040
239 1145
239 1357
240 522
240 622
240 623
240 775
240 776
240 1024
240 1073
240 1204
240 1267
240 1449
240 2089
241 320
241 624
241 770
241 857
241 1074
241 1357
241 1452
242 421
242 576
242 577
242 578
242 807
242 809
242 1004
242 1454
242 1573
242 1606
242 1879
243 244
243 320
243 443
243 521
243 574
243 577
243 579
243 593
243 778
243 970
243 1452
243 1562
243 1675
243 1779
243 2148
244 1039
244 1067
244 1071
244 1072
244 1109
244 1204
244 1230
244 1357
244 1449
244 1824
245 246
245 556
245 629
245 1794
246 629
246 735
246 855
246 856
246 1042
247 248
247 253
247 316
247 337
247 340
247 379
247 727
247 877
247 1852
248 250
248 253
248 376
248 379
248 708
248 768
248 878
248 1125
249 250
249 402
249 404
249 405
249 1495
249 1579
249 1581
250 251
250 253
250 304
250 325
250 395
250 405
250 1064
250 1098
251 253
251 323
251 325
251 329
251 395
251 405
251 517
251 828
251 1018
251 1064
251 1098
251 1579
251 1707
251 1888
252 578
252 585
252 811
252 927
252 1040
252 1075
252 1203
252 1230
252 1267
252 1497
252 1690
253 323
253 395
253 975
253 1708
253 1852
253 1888
254 255
254 256
254 257
254 258
254 259
254 1852
254 1879
255 257
255 450
255 601
255 608
255 973
255 1005
255 1017
255 1094
255 1096
255 1097
255 1496
255 1879
256 344
256 346
256 347
256 348
256 349
256 381
256 403
256 691
256 859
256 935
256 1206
256 1207
256 1705
256 1768
257 339
257 373
257 377
257 379
257 413
257 604
257 606
257 608
257 663
257 1053
257 1523
257 1542
257 1630
257 2003
258 542
258 543
258 558
258 722
258 725
258 726
258 753
258 754
258 1332
258 1333
258 1337
258 1490
258 1565
258 1566
258 1642
258 1880
258 1913
258 1916
258 2171
258 2461
259 381
259 1206
259 1492
259 1570
259 1899
259 2010
259 2134
260 261
260 262
260 263
260 264
260 265
260 481
260 483
260 570
260 856
260 921
260 1314
261 262
261 264
261 265
261 480
261 481
261 482
261 483
261 485
261 921
261 1047
261 1314
261 1500
261 1501
262 263
262 614
262 826
263 264
263 323
263 483
263 484
263 921
263 982
263 1272
264 265
264 304
264 481
264 483
264 485
264 841
264 856
264 919
264 921
264 982
265 480
265 565
265 567
265 570
265 1082
265 1557
265 1996
266 267
266 268
266 269
266 959
266 1827
266 1836
267 268
267 269
267 596
267 600
267 687
267 1095
267 1406
267 1827
268 269
268 294
268 444
268 543
268 959
268 995
268 1270
268 1334
268 1383
268 1565
268 1742
268 1827
268 1983
268 2231
269 602
269 959
269 1289
269 1365
269 1912
270 271
270 272
270 273
270 274
270 347
270 1838
271 273
271 352
271 475
271 476
271 493
271 571
271 579
271 584
271 854
271 872
271 1020
271 1026
271 1083
271 1144
271 1197
271 1798
272 274
272 351
272 417
272 462
272 1199
273 347
273 407
273 513
273 647
273 1009
274 352
274 417
274 843
274 919
274 926
274 1454
274 1725
274 1865
274 1971
275 276
275 277
275 278
275 279
275 280
275 281
275 352
275 1104
275 1240
276 278
276 435
276 682
276 1238
276 1240
277 533
277 541
277 806
278 280
278 281
278 384
278 436
278 1655
278 2438
279 437
279 521
279 574
279 585
279 706
279 899
279 970
279 1039
279 1040
279 1073
279 1074
279 1101
279 1498
279 1752
280 281
280 436
280 563
280 682
280 938
280 973
280 1004
280 1027
280 1069
280 1631
280 1974
281 384
281 431
281 436
281 607
281 951
281 1004
281 1205
281 1631
281 1974
282 283
282 284
282 285
282 823
282 1791
283 284
283 285
283 823
284 471
284 530
284 654
284 823
284 952
285 390
285 519
285 578
285 926
285 1023
285 1179
285 1450
286 287
286 856
286 1153
287 464
287 511
287 720
287 1284
287 1472
287 1742
287 1953
288 289
288 290
288 291
288 973
288 1178
288 1389
288 1695
288 1730
288 1791
289 291
289 357
289 564
289 1493
289 1695
289 1791
290 379
290 536
290 730
290 904
290 1202
290 1851
291 564
291 973
292 293
292 294
292 295
292 296
292 1404
293 546
294 367
294 368
294 730
294 748
294 751
294 833
294 877
294 1057
295 368
295 371
295 546
295 788
295 1488
296 725
296 1078
296 1405
296 1668
297 298
297 299
298 450
298 959
298 1051
298 1096
298 1496
298 1531
298 1767
299 445
299 617
299 620
299 810
299 833
299 1117
299 1118
299 1229
299 1294
299 1326
299 1332
299 1457
299 1613
300 532
300 533
300 534
300 535
300 536
300 537
300 960
300 1547
301 674
301 711
301 812
302 303
302 304
302 305
302 503
302 636
302 673
302 688
302 690
302 692
302 711
302 812
302 936
302 1637
303 329
303 395
303 631
303 651
303 691
303 692
303 817
303 819
303 821
303 961
303 1047
303 1168
303 1169
303 1309
303 1579
303 1808
303 1991
304 484
304 499
304 673
304 936
304 1098
304 1160
304 1272
304 1534
304 1541
304 1953
305 673
305 690
305 692
305 710
305 711
305 812
305 936
305 1129
305 1637
306 307
306 308
306 309
306 1596
307 309
307 463
307 464
308 425
308 463
308 464
308 720
308 750
308 1153
308 1503
308 1880
308 1953
308 1962
308 1986
308 2495
309 465
309 486
309 488
309 666
309 799
309 832
309 1227
309 1472
309 1523
309 1826
309 1964
309 1996
310 311
310 312
310 1080
311 312
311 313
311 979
311 1086
312 404
312 1658
312 1786
313 314
313 315
313 316
313 317
313 318
313 561
313 609
313 1310
314 831
314 2143
315 877
315 1056
315 1136
315 1137
315 1407
315 1408
315 1409
316 561
316 727
316 1117
316 1548
317 546
317 550
317 687
317 739
317 877
317 990
317 1083
317 1124
317 1750
318 1310
318 1325
318 1547
319 320
319 321
319 322
319 761
319 1100
319 1189
319 1886
320 321
320 322
320 770
320 1022
320 1023
321 322
321 334
321 351
321 418
321 566
321 577
321 595
321 770
321 1022
321 1023
321 1083
321 1199
321 1553
322 580
322 770
322 1022
322 1023
322 1199
322 1449
322 1752
323 324
323 325
323 326
323 327
323 1708
323 1839
324 325
324 327
324 692
324 1129
324 1130
324 1131
325 327
325 1493
325 1708
326 892
326 1106
326 1340
326 1510
326 1887
326 1897
327 560
327 673
327 690
327 692
327 812
327 936
327 1296
327 1637
327 1968
328 329
328 953
328 1082
328 1132
328 2531
329 631
329 1043
329 1168
329 1612
329 1787
330 331
330 1152
331 335
331 878
331 879
331 1365
331 1992
332 333
332 334
332 1152
333 554
333 555
333 556
334 416
334 417
334 418
334 843
335 336
335 337
335 338
335 339
335 340
335 341
335 342
335 343
336 613
336 657
336 733
336 774
336 1213
336 1214
336 1273
336 1410
336 1685
336 1755
336 1802
337 340
337 395
337 727
337 831
337 1137
337 1292
337 1293
337 1310
338 1116
338 1332
338 1442
339 604
339 621
339 860
339 986
339 1115
339 1294
339 1350
339 1354
339 1457
339 1613
339 1736
340 561
340 727
340 1156
340 1391
340 1554
341 597
341 621
341 790
341 909
341 925
341 931
341 1034
341 1507
341 1613
341 1824
342 1560
343 679
343 980
343 1229
343 1350
343 1547
344 345
344 346
344 347
344 348
344 349
344 350
344 354
344 401
345 347
345 350
345 354
345 382
345 618
345 647
345 935
345 1128
345 1322
345 1434
345 1446
346 347
346 348
346 354
346 473
346 1518
346 1519
346 1520
347 348
347 349
347 350
347 354
347 403
347 572
347 691
347 819
347 859
347 935
347 1377
347 1384
348 349
348 859
348 935
348 1518
348 1520
349 354
349 401
349 691
349 1377
349 1520
349 1550
350 351
350 352
350 353
350 354
351 590
351 591
351 592
351 593
351 594
351 859
351 1197
352 572
352 781
352 962
352 964
352 1070
352 1230
352 1541
353 540
353 689
353 714
353 988
353 1266
353 1476
353 1477
353 1482
354 401
354 935
354 1021
354 1449
354 1781
355 419
355 420
355 1242
355 1447
356 435
356 516
356 798
356 823
356 913
356 1212
356 2500
357 420
357 547
357 552
357 951
357 981
357 983
357 1344
357 1512
357 1718
357 1729
357 1759
357 1818
357 1819
357 1897
359 392
359 817
359 1156
360 361
360 362
360 363
360 364
360 365
360 366
360 1774
361 774
361 1273
361 1403
361 1541
361 1585
361 1652
361 1685
362 364
362 699
362 1153
362 1653
362 1711
362 1761
363 431
363 434
363 437
363 686
363 1381
363 1802
363 1882
363 2004
364 1515
365 1018
365 1650
365 1883
366 690
366 710
366 1201
366 1565
366 1839
367 368
367 369
367 370
367 371
367 866
367 1078
368 371
368 726
368 748
368 749
368 788
368 866
368 1293
368 1741
369 370
369 371
369 558
369 788
369 866
370 371
370 382
370 558
370 726
370 748
370 788
370 866
371 558
371 601
371 788
371 866
372 373
372 374
372 375
372 376
372 1588
372 1593
373 374
373 375
373 376
373 448
373 644
373 1592
373 1593
374 375
374 376
374 448
374 537
374 993
374 1593
375 917
376 1125
376 1286
376 1593
377 378
377 379
377 380
377 381
377 382
377 1896
378 381
378 708
378 820
378 1360
378 1516
378 1784
379 450
379 600
379 604
379 708
379 904
379 1125
379 1851
379 1852
380 381
380 665
380 1011
380 1160
380 1328
380 1346
381 395
381 446
381 1076
381 1206
382 609
382 709
382 719
382 726
382 727
382 1288
382 1376
382 1378
382 1446
382 1467
382 1611
382 1896
383 681
383 682
383 685
383 731
383 797
383 1043
383 1266
383 1770
383 1891
383 1974
384 387
384 684
384 835
384 1287
384 1295
384 1690
385 850
385 852
385 956
385 1064
385 1084
386 387
386 388
386 389
386 423
386 999
386 1287
386 1370
386 1594
386 1677
386 1690
386 1792
386 2400
387 388
387 389
387 390
387 423
387 1287
387 1855
387 2400
388 389
388 423
388 511
388 517
388 617
388 1287
388 1456
388 1594
389 390
389 423
389 1224
389 1287
389 1594
389 1690
389 1712
389 2400
390 416
390 1022
390 1147
390 1197
390 1199
390 1305
390 1454
390 2400
391 573
391 1534
391 1580
391 1991
391 1992
392 393
392 394
392 395
392 1433
393 797
393 870
394 491
394 717
394 1591
394 1634
394 1717
395 405
395 754
395 817
395 828
395 967
395 1396
395 1502
395 1579
395 1839
395 1888
396 397
396 398
396 1006
397 398
397 700
397 854
397 1387
398 582
398 1609
399 400
399 401
399 592
399 821
399 1033
399 1901
400 895
400 1859
401 403
401 817
401 1194
402 403
402 404
402 405
402 406
402 407
402 1567
402 1667
402 2400
403 404
403 405
403 572
403 708
403 935
403 1495
403 1768
404 405
404 979
404 980
404 1579
404 1639
404 1658
405 573
405 634
405 1388
405 1495
405 1579
406 1559
406 1589
407 513
407 891
407 915
408 409
408 410
408 411
408 412
408 413
408 414
408 415
408 1443
408 1517
408 2518
409 411
409 414
409 525
409 901
409 967
409 1266
409 1552
410 440
410 521
410 577
410 580
410 582
410 707
410 809
410 854
410 876
410 938
410 939
410 941
410 1041
410 1067
410 1138
410 1216
410 1669
410 1917
411 414
411 415
411 447
411 716
411 1332
411 1351
411 1443
411 1444
411 1517
411 1968
411 2386
412 531
412 807
412 889
412 890
412 1190
412 1196
413 415
413 435
413 447
413 716
413 844
413 1014
413 1053
413 1287
413 1745
413 1772
413 1961
413 1974
414 573
414 977
414 1317
414 1823
414 1836
414 1973
414 2518
415 447
415 1014
415 1583
415 1709
415 1910
415 1961
415 1971
416 417
416 418
417 522
417 603
417 775
417 779
417 843
417 1172
417 1274
417 1468
417 1580
417 1699
418 601
418 728
418 742
418 770
418 1022
418 1714
419 420
419 523
419 1530
419 1766
420 1333
420 1767
420 1824
421 814
421 1370
421 1883
422 423
422 424
422 425
422 669
422 1257
423 1287
424 432
424 507
424 509
424 510
424 514
424 575
424 761
424 762
424 763
424 968
424 1032
424 1398
425 1837
426 427
426 428
426 429
426 430
426 1278
426 1721
427 782
427 800
427 801
427 880
427 1009
427 1633
427 1904
428 430
428 567
428 571
428 1173
428 1184
428 1277
428 1486
428 1522
428 1561
428 1710
429 1278
429 1689
429 1692
429 1815
429 2013
429 2300
430 567
430 569
430 967
430 1522
431 432
431 433
431 434
431 435
431 436
431 437
431 438
431 981
431 1069
431 1254
431 1772
431 1823
431 1889
432 508
432 510
432 575
432 809
432 820
432 884
432 1032
432 1156
432 1253
432 1396
432 1478
432 1717
432 1802
433 897
433 1308
433 1471
434 1171
434 1349
435 439
435 442
435 686
435 732
435 1228
435 1681
436 527
436 563
436 1067
436 1069
436 1095
436 1342
436 1344
436 1459
437 577
437 1039
437 1514
437 1752
437 1889
438 783
438 984
438 1064
438 1231
438 1254
438 1271
438 1397
438 1448
438 1451
438 1848
438 2101
439 440
439 441
439 442
439 443
439 1077
439 1217
439 1221
439 1256
439 1568
440 442
440 443
440 577
440 578
440 584
440 743
440 778
440 943
440 1355
440 1361
440 1697
440 1704
441 442
441 1077
441 1217
441 1221
441 1255
441 1256
441 1355
441 1361
441 1704
442 443
442 854
442 1077
442 1221
442 1255
442 1256
442 1361
442 1704
442 1850
442 1857
443 519
443 577
443 899
443 927
443 1072
443 1355
444 445
444 446
444 447
444 448
444 449
444 450
444 528
444 959
444 1392
444 1517
444 1742
445 617
445 792
445 951
445 985
445 986
445 987
445 988
445 991
445 1061
445 1854
445 2432
446 448
446 1296
446 1312
446 1390
447 454
447 844
447 1014
447 1745
447 1772
448 665
448 1333
448 1392
448 1568
448 1677
449 542
449 995
449 999
449 1053
449 1057
449 1111
449 1125
449 1566
449 1625
449 1742
450 604
450 607
450 718
450 1116
450 1442
451 814
451 945
451 1024
451 1129
451 1519
452 453
452 454
452 455
452 456
452 457
452 458
452 796
452 1184
452 1713
453 568
453 703
453 895
453 911
453 913
453 1301
453 1302
453 1615
453 1812
453 1850
453 1857
454 515
454 1771
455 458
456 818
456 1271
456 1461
456 1560
457 569
457 889
457 1713
458 490
458 796
458 1607
458 1799
459 460
459 461
459 462
459 1605
459 1865
460 682
460 702
460 704
460 733
460 1203
460 1989
461 462
461 702
461 703
461 830
461 886
461 953
462 689
462 872
462 1025
462 1187
462 1189
462 1865
463 464
463 465
463 1153
463 1399
464 488
464 545
464 1045
464 1399
464 1472
464 1503
465 488
465 601
465 1399
465 1472
466 467
466 1368
466 1413
466 1692
467 823
467 1305
467 1306
468 469
468 1216
468 1839
468 1873
469 1215
469 1216
469 1401
469 1873
470 471
470 472
471 529
471 530
471 531
472 968
473 474
473 475
473 476
473 477
473 658
473 1175
473 1176
473 1348
473 1670
474 475
474 477
474 492
474 1175
474 1176
474 1197
475 477
475 492
475 865
475 995
475 1175
475 1372
476 492
476 493
476 584
476 1020
476 1106
476 1135
476 1175
476 1348
476 1511
476 1514
476 1877
476 1887
477 492
477 493
477 538
477 1024
477 1028
477 1319
478 479
479 726
479 771
479 997
479 1087
479 1220
479 1269
479 1298
480 481
480 482
480 483
480 484
480 485
480 1186
480 1759
481 482
481 483
481 485
481 501
481 570
481 1426
482 483
482 501
482 821
482 1186
482 1314
482 1704
482 1759
483 485
483 501
483 982
483 1186
483 1792
483 1904
484 841
484 1168
484 1273
484 1537
485 501
485 570
485 1297
486 487
486 488
486 489
486 490
486 491
487 489
487 490
487 491
487 842
487 1153
488 1218
488 1399
488 1400
488 2495
489 490
489 491
489 661
490 1086
490 1978
491 717
491 1591
491 1685
492 493
492 494
492 495
492 496
492 559
492 991
492 1339
492 1348
492 1562
492 1931
493 576
493 580
493 584
493 1075
493 1198
493 1348
493 1725
493 1887
494 599
494 617
494 619
494 662
494 663
494 664
494 667
494 731
494 835
494 931
494 1111
494 1182
494 1338
494 1644
494 1807
494 1959
495 601
495 617
495 678
495 687
495 772
495 789
495 790
495 835
495 923
495 987
495 1034
495 1123
496 708
496 963
496 1525
497 498
497 499
497 500
497 501
497 718
497 1264
497 1270
498 501
498 569
498 1328
498 1558
499 500
499 501
499 826
499 856
499 921
499 1264
499 1265
499 1266
499 1270
500 856
500 921
501 950
501 953
501 982
501 1185
502 503
502 504
502 1842
503 662
503 755
503 1181
504 837
504 902
504 1183
504 1379
504 1436
505 734
505 963
505 1304
506 1620
506 1692
506 1885
507 508
507 509
507 510
507 762
507 1933
508 509
508 510
509 510
509 762
509 1065
509 1239
509 1933
510 1398
511 512
511 513
511 514
511 515
511 516
511 517
511 1892
512 516
512 517
512 572
512 573
512 574
512 575
513 549
513 563
513 707
513 820
513 915
513 1501
513 1647
513 1768
513 1769
514 670
514 797
514 882
514 965
514 1081
514 1675
514 1722
514 1859
515 799
515 1913
516 587
516 940
516 1224
516 1336
516 1484
517 815
517 1707
517 1793
518 519
518 520
518 521
518 522
519 548
519 575
519 576
519 577
519 578
519 579
519 580
519 706
519 1282
519 1455
520 574
520 707
520 940
520 972
520 974
520 1284
520 1917
521 778
521 1074
521 1099
521 1561
521 1562
522 572
522 705
522 843
522 1452
522 1497
523 524
523 525
523 526
523 527
523 528
523 1297
523 1302
524 526
524 1302
524 1346
524 1544
525 610
525 922
525 1838
526 527
526 575
526 926
526 1073
526 1204
526 1458
526 1459
526 1497
526 1498
526 1627
526 1737
526 1977
527 565
527 1282
527 1459
528 1302
528 1698
528 1868
528 1973
529 531
529 1299
529 1300
529 1372
529 1513
530 579
530 1242
531 746
531 863
531 895
531 1188
531 1189
531 1766
531 1885
531 1973
532 533
532 534
533 534
533 535
533 806
534 535
534 537
534 1354
535 753
535 1353
535 1354
535 1467
536 792
536 960
536 1155
537 808
537 1051
538 539
538 540
538 541
538 1135
538 1941
539 541
539 760
539 1364
539 1431
539 1433
540 628
540 1403
540 1538
540 1541
541 576
541 1649
541 1695
541 1772
541 1995
542 543
542 544
542 959
542 1044
542 1334
542 1742
542 1789
542 1880
542 1934
543 993
543 994
543 995
543 1015
543 1334
543 1566
543 1684
543 1742
544 768
544 1220
544 1660
545 565
546 550
546 687
546 749
546 767
546 1088
546 1157
546 1397
547 548
547 549
547 550
547 551
547 552
547 553
547 977
548 549
548 580
548 583
548 807
548 832
548 892
548 957
548 1187
548 1514
548 1695
548 1909
549 552
549 837
549 1065
549 1128
549 1694
550 1088
550 1116
550 1157
550 1397
550 1424
550 1698
550 1751
551 571
551 609
551 1135
551 1522
552 778
552 779
552 1230
552 1343
552 1455
552 1671
552 1897
553 691
553 817
553 820
553 821
553 1897
554 1155
554 1208
554 1209
555 615
555 1279
555 1345
555 1910
556 836
556 1097
556 1291
556 1599
556 1617
556 2009
556 2017
557 558
557 559
557 560
557 561
557 676
557 1587
558 788
558 901
558 1164
558 1165
558 1956
559 608
559 833
559 986
559 1338
559 1339
559 1677
559 1871
560 676
560 726
560 1114
560 1310
560 1378
560 1637
560 1829
561 1043
561 1354
561 1391
561 1676
562 563
563 915
563 927
563 1267
563 1459
563 1631
563 1857
564 818
564 1453
565 1012
565 1015
565 1181
565 1420
565 1874
566 569
566 1033
566 1035
566 1172
566 1225
566 1401
567 568
567 569
567 570
567 571
567 1486
567 1694
568 669
568 944
568 945
568 946
568 965
568 1257
568 1486
568 1635
569 1135
569 1451
570 1084
570 1146
570 1551
570 1552
571 1135
571 1293
571 1522
571 1705
572 600
572 691
572 705
572 964
572 1069
572 1172
572 1173
572 1174
572 1282
572 1581
572 1616
572 1740
572 1909
573 1373
573 1495
573 1534
573 1579
573 1580
574 807
574 931
574 940
574 966
574 972
574 1039
574 1102
574 1917
575 607
575 680
575 682
575 950
575 957
575 1004
575 1342
575 1343
575 1455
575 1459
575 1909
576 581
576 582
576 583
576 584
576 585
576 586
576 1319
576 1440
577 580
577 582
577 706
577 707
577 938
577 941
577 1067
577 1198
577 1230
578 581
578 899
578 1040
578 1073
579 592
579 594
580 585
580 938
580 939
580 1023
580 1067
580 1071
580 1198
581 582
581 584
581 585
581 854
581 1039
582 584
582 777
582 854
582 946
583 586
583 747
583 840
583 1188
583 1252
583 1509
584 854
584 963
584 981
584 1004
584 1026
584 1176
584 1253
584 1254
585 743
585 928
585 1075
585 1211
585 1254
585 1320
585 1453
585 1454
586 1342
586 1621
587 588
587 589
587 967
588 907
588 1071
588 1084
588 1185
588 1186
588 1372
588 1426
589 1146
589 1224
589 1545
589 1647
589 1773
590 592
590 594
590 864
590 865
591 1022
591 1138
591 1144
591 1145
591 1146
591 1147
591 1699
592 594
592 770
592 864
592 1197
592 1199
592 2527
593 779
593 811
593 843
593 1172
593 1274
593 1357
593 1456
594 864
594 1052
595 596
595 597
595 598
595 599
595 600
595 1298
596 606
596 792
596 914
596 925
596 1196
596 1283
596 1397
596 1406
596 1507
596 1967
597 607
597 740
597 810
597 877
597 915
597 986
597 1069
597 1229
597 1344
597 1457
597 1613
598 833
598 960
598 1024
598 1057
598 1113
598 1298
598 1368
598 1677
598 1748
599 603
599 832
599 835
599 931
599 1368
600 646
600 667
600 678
600 789
600 790
600 931
600 989
600 1285
600 1750
601 602
601 603
601 1220
602 1297
602 1368
602 1406
602 1589
603 740
603 790
603 925
603 987
603 1406
603 1644
603 1651
603 1851
604 605
604 606
604 607
604 608
604 679
604 765
604 832
604 930
604 985
604 1073
604 1285
604 1294
604 1312
604 1337
604 1462
604 1523
604 1613
604 2003
605 741
605 929
605 930
605 1229
605 1350
605 1736
606 608
606 644
606 1051
606 1061
606 1070
606 1117
606 1181
606 1294
606 1397
606 1630
606 1807
607 680
607 687
607 741
607 792
607 835
607 987
607 1061
607 1095
607 1096
607 1117
607 1196
607 1644
607 1677
607 1854
608 609
608 663
608 1027
608 1344
609 719
609 727
609 1202
609 1376
609 1377
609 1378
609 1446
609 1535
609 1590
609 1651
610 751
611 1290
611 1332
611 1531
611 1684
612 834
612 1365
612 1368
612 1660
612 1869
613 614
613 615
613 616
614 1234
614 1300
614 1558
614 1655
615 1079
615 1080
615 1304
617 618
617 619
617 620
617 621
617 731
617 1115
617 1326
617 1851
618 619
618 620
618 662
618 664
618 666
618 1073
618 1182
618 1320
618 1434
618 1507
618 1523
618 2159
619 620
619 621
619 664
619 666
619 987
619 1104
619 1109
619 1115
619 1182
619 1204
619 1562
620 664
620 666
620 835
620 931
620 987
620 1034
620 1182
620 1196
620 1326
620 1644
620 1936
620 1955
620 2520
621 662
621 985
621 1040
621 1096
621 1115
621 1161
621 1294
621 1326
621 1382
621 1507
621 1644
621 1823
621 1879
621 2091
621 2206
622 623
622 624
622 625
622 626
622 1019
623 625
623 626
623 843
623 1456
624 625
624 1869
625 626
625 1002
625 1460
627 628
627 629
627 630
627 735
627 736
627 1056
627 1625
627 1763
628 629
628 676
628 677
628 1114
628 1152
629 735
630 735
630 736
630 976
630 1391
631 632
631 633
631 634
631 635
631 636
632 649
632 655
632 693
632 1106
632 1247
632 1505
632 1641
632 1648
633 952
633 1791
633 1797
634 636
634 785
634 1393
634 1737
634 1760
634 1885
634 1908
635 1217
635 1245
635 1247
635 1321
635 1721
636 812
636 1425
637 638
637 639
637 640
637 641
637 1810
637 1871
638 639
638 913
638 1981
638 2072
638 2500
639 640
639 641
639 724
639 1312
639 1810
639 1811
639 1880
640 641
640 688
640 1578
641 2072
642 643
642 644
642 645
642 646
642 647
642 648
642 1629
643 647
643 847
643 848
643 891
643 1389
644 738
644 832
644 909
644 930
644 996
644 1042
644 1051
644 1052
644 1053
644 1054
644 1055
644 1061
644 1094
644 1462
644 1523
644 1630
644 1869
645 648
645 847
645 891
645 1184
645 1217
645 1277
645 1351
645 1423
645 1468
645 1497
645 1740
646 678
646 731
646 737
646 765
646 771
646 925
646 962
646 1182
646 1285
646 1382
646 1542
647 847
647 891
648 807
648 811
648 847
648 1798
649 650
649 651
649 652
649 653
649 654
649 655
650 651
650 658
650 659
650 660
650 661
651 654
651 655
651 688
651 691
651 967
651 1481
652 659
652 661
652 1058
653 695
654 700
654 798
654 952
654 968
654 1194
654 1451
655 884
655 1007
655 1009
655 1059
656 657
656 1146
656 1447
658 660
658 776
658 1019
658 1020
658 1021
658 1197
658 1525
658 1877
659 660
659 661
659 829
659 1058
659 1169
659 1275
659 1307
660 661
660 829
660 1107
660 1413
660 1475
660 1804
661 1058
661 1107
662 663
662 664
662 665
662 666
662 667
662 1869
663 664
663 667
663 967
663 1053
663 1094
663 1111
663 1181
663 1196
663 1630
664 666
664 667
664 1111
664 1182
665 878
665 1338
665 1341
665 1426
665 1622
665 1731
665 1880
666 1182
667 810
667 929
667 1111
667 1614
668 669
668 670
669 1686
670 1812
670 1864
671 672
671 673
671 1296
671 1480
671 1585
672 788
672 861
672 862
672 1296
672 1654
673 690
673 692
673 710
673 711
673 787
673 812
673 936
673 1296
673 1378
673 1637
674 675
674 1805
675 897
675 898
675 1068
675 1155
676 1309
676 1310
676 1311
676 1312
677 855
678 737
678 741
678 749
678 771
678 772
678 789
678 790
678 835
678 931
678 1807
678 1959
679 790
679 835
679 910
679 925
679 929
679 930
679 931
679 1229
680 681
680 682
680 683
680 684
680 685
680 686
680 687
680 1448
680 1645
681 682
681 1070
681 1098
681 1099
681 1968
682 929
682 948
682 950
682 951
682 1004
682 1070
682 1616
682 2099
683 1876
684 1139
684 1580
684 1674
684 1974
685 796
685 797
685 953
685 962
685 980
685 1172
685 1266
685 1385
686 709
686 743
686 778
686 981
686 1204
686 1448
686 1514
686 1592
686 1645
687 772
687 789
687 792
687 835
687 851
687 931
687 997
687 1078
687 1196
687 1568
687 1967
687 1977
687 2159
688 689
688 690
688 691
688 692
688 693
688 785
688 2386
689 858
689 953
689 1166
689 1481
689 1482
689 1483
689 1569
689 1673
690 692
690 710
690 711
690 714
690 936
690 1430
690 1538
690 1637
690 1770
691 819
691 821
691 977
691 1160
691 1297
691 1991
692 711
692 817
692 991
692 992
692 1136
692 1160
692 1309
693 1105
693 1106
693 1170
693 1246
693 1476
693 1477
694 695
694 696
694 697
694 698
694 699
694 700
694 701
694 802
694 804
694 805
694 818
694 1362
694 1395
694 1447
694 1494
694 1800
696 1156
696 1652
697 698
697 701
697 802
697 804
697 805
697 1271
698 700
699 999
699 1152
700 701
700 952
700 1341
700 1416
700 1433
700 1451
700 1478
700 1484
700 1891
700 1919
700 1934
701 802
701 805
701 918
701 1200
701 1410
702 703
702 704
702 733
702 746
702 849
702 953
703 776
703 843
703 1020
703 1023
703 1144
703 1479
703 1725
704 876
704 883
704 1138
705 706
705 707
705 708
705 709
705 1240
706 707
706 938
706 939
706 940
706 941
706 942
706 972
707 775
707 820
707 940
707 966
707 972
707 974
707 1100
707 1101
707 1102
707 1482
707 1530
707 1581
707 1651
707 1759
707 1917
708 973
708 1071
708 1171
708 1448
708 1585
709 727
709 809
709 1128
709 1320
709 1611
710 711
710 712
710 713
710 714
711 714
711 812
711 936
711 1378
712 714
712 1079
712 1430
712 1510
712 1525
712 1633
713 729
713 1005
713 1183
713 1359
713 1381
713 1468
713 1907
714 828
714 1047
714 1048
714 1298
714 1430
714 1612
714 1629
714 1786
714 1911
714 2060
715 716
715 717
715 756
716 844
716 903
716 1012
716 1872
717 1257
717 1591
717 1634
717 1777
718 719
718 720
718 721
718 1417
719 729
719 730
719 786
719 896
719 961
719 991
719 1201
719 1202
721 2362
721 2465
721 2475
722 723
722 724
722 725
722 726
723 725
723 2265
724 1585
724 1871
725 1043
725 1162
725 1236
725 1238
725 1334
725 1642
726 1000
726 1446
726 2138
726 2385
727 1322
727 1354
727 1376
727 1802
727 1896
728 729
728 730
728 1288
729 730
729 887
729 961
729 977
729 1012
729 1202
729 1359
729 1381
730 877
730 1043
730 1202
730 1838
731 732
731 1975
732 911
732 1083
732 1646
732 1723
732 1977
733 875
733 1008
733 1021
733 1172
733 1449
734 822
734 1385
734 1468
734 1782
734 1804
734 1888
735 736
736 824
736 877
736 1748
736 2481
737 738
737 739
737 740
737 741
737 1055
737 1572
737 1698
738 739
738 909
738 1055
738 1123
738 1404
738 1698
739 740
739 772
739 858
739 991
739 992
739 1055
739 1060
739 1219
739 1366
739 1483
739 1731
739 1843
740 835
740 987
740 992
740 1055
740 1061
740 1382
740 1397
740 1613
740 1644
740 1876
741 772
741 901
741 909
741 930
741 996
741 1011
741 1220
741 1837
741 1943
741 2076
741 2315
742 1015
742 1347
742 1799
742 1820
743 899
743 927
743 1071
743 1073
743 1454
743 1497
743 1562
743 1697
743 2089
744 745
744 746
744 747
744 1192
744 1865
745 1387
746 889
746 1187
746 1188
746 1189
746 1190
746 1192
746 1219
746 1242
746 1606
747 1252
748 749
748 750
748 751
748 904
749 790
749 877
749 896
749 958
749 1157
749 1195
749 1196
749 1931
750 1042
750 1046
750 1153
750 1154
750 1269
750 1309
751 1042
751 1056
751 1057
751 1376
751 1377
751 1784
752 753
752 754
752 755
753 754
753 1327
753 1343
753 1596
754 1297
754 1333
754 1388
754 1596
756 757
756 758
756 759
756 1005
757 759
757 842
757 984
757 1516
757 1874
757 2026
758 1025
758 1043
758 1506
758 1538
758 1678
758 1855
758 1888
759 1516
759 1678
759 1874
760 761
760 762
760 763
760 1842
761 762
761 763
761 952
761 1768
762 763
762 1032
762 1286
762 1398
762 1769
763 952
763 1069
763 1258
764 765
764 766
764 767
764 768
764 769
765 767
765 914
765 922
765 923
765 924
765 925
765 2115
766 769
766 836
766 851
766 866
766 868
766 887
766 1044
766 1111
766 1112
766 1303
766 1424
766 1470
766 1489
766 1491
766 1732
766 1750
766 1967
767 922
767 1157
767 1319
767 1614
767 1750
768 790
768 963
768 1125
768 1397
768 1660
769 851
769 866
769 868
769 887
769 907
769 989
769 999
769 1303
769 1369
769 1424
769 1491
769 1732
770 830
770 857
770 1669
771 772
771 990
771 1298
771 1382
771 1885
772 1285
772 1454
773 774
773 1366
774 839
774 874
774 1273
774 1366
774 1477
774 1643
774 1685
774 1802
774 1930
775 940
775 1039
775 1101
775 1146
776 1020
776 1052
776 1198
776 1274
777 854
777 1138
777 1669
777 1886
778 779
778 1005
778 1071
778 1074
778 1240
778 1357
778 1449
778 1452
778 1453
778 1458
778 1459
779 786
779 1005
779 1071
779 1211
779 1357
779 1452
779 1453
779 1458
779 1544
780 828
780 943
780 963
780 1069
780 1240
780 1718
780 1778
781 782
781 783
781 784
782 800
782 879
782 880
782 881
782 882
782 1460
782 1633
783 934
783 983
783 984
784 984
785 786
785 787
785 788
786 1048
786 1495
786 1581
786 1582
786 1583
786 1584
786 1651
786 1817
787 1098
787 1160
787 1296
787 1325
788 866
788 1154
788 1264
788 1777
789 792
789 810
789 923
789 997
789 1854
790 810
790 835
790 922
790 923
790 924
790 925
790 1034
790 1182
790 1196
790 1283
790 1507
790 1807
791 838
791 919
791 1006
791 1014
791 1054
791 1084
791 1337
791 1441
791 1675
791 1857
791 1867
792 992
792 1057
792 1060
792 1061
792 1095
792 1124
792 1202
792 1854
793 1837
793 1936
793 2093
793 2125
793 2126
793 2127
793 2128
793 2129
793 2169
793 2376
794 1419
794 1979
794 1987
794 2005
794 2183
794 2239
794 2296
794 2298
794 2334
794 2394
795 2038
795 2040
795 2048
795 2052
795 2054
795 2055
795 2057
795 2085
795 2088
795 2115
795 2151
795 2270
795 2314
795 2315
795 2469
796 797
796 798
796 799
796 800
796 801
796 1079
796 1247
797 953
798 954
798 955
798 956
798 957
798 1263
799 954
799 1081
799 1213
799 1217
799 1226
799 1372
799 1647
800 801
800 1749
801 1553
801 1749
801 1860
802 803
802 804
802 805
802 806
802 1271
802 1363
802 1364
802 1381
802 1652
803 950
803 1379
803 1380
803 1381
804 805
804 892
804 894
804 1233
804 1362
804 1410
804 1930
805 918
805 1271
805 1323
805 1362
805 1364
805 1741
806 951
806 973
806 1229
806 1231
806 1451
806 1577
806 1581
806 1659
806 1663
806 1705
806 1752
807 808
807 809
807 810
807 811
807 1036
807 1043
807 1371
807 2100
808 957
808 990
808 1368
808 1617
808 1737
808 1885
808 1920
809 811
809 1038
809 1040
809 1253
810 917
810 1196
810 1229
810 1283
810 1285
810 1365
810 1397
810 1613
811 848
811 1099
811 1497
812 1296
812 1978
813 814
813 815
813 816
814 849
814 880
814 1065
814 1519
814 1616
815 816
815 1600
815 1699
815 1700
815 1701
816 895
816 1305
816 1689
816 1729
816 1740
816 1782
816 1928
817 818
817 819
817 820
817 821
817 1579
817 1759
817 1808
817 1897
818 1233
818 1234
818 1277
818 1447
819 821
819 1098
819 1160
819 1274
819 1297
819 1328
819 1991
821 1808
821 1897
822 1103
822 1105
822 1106
822 1398
822 1832
823 1242
823 1305
823 1306
823 1687
824 877
824 907
824 971
824 1354
824 1364
824 1366
824 1651
825 837
825 1296
826 1211
826 1264
826 1817
826 1831
826 1841
826 1956
827 1025
827 1087
827 1090
827 1168
827 1359
827 1619
827 1926
828 963
828 1048
828 1098
828 1592
828 1718
829 830
829 1169
829 1537
829 1804
830 876
830 1229
830 1275
830 1449
830 1611
831 833
831 1164
832 833
832 834
832 835
832 836
832 989
832 1161
832 1523
832 1854
833 935
833 1111
833 1113
833 1164
833 1677
833 1748
834 867
834 1162
834 1572
834 1660
834 1869
835 931
835 985
835 987
835 1161
835 1382
835 1397
835 1565
835 1644
835 1769
835 1807
836 922
836 925
836 985
836 990
836 1111
836 1125
836 1485
836 1491
836 1598
836 1719
836 1857
836 1880
836 1967
837 838
837 839
837 840
838 919
838 1143
838 1796
839 1262
839 1429
839 1761
840 1188
840 1252
840 1286
840 1509
840 1550
840 1646
840 1769
840 2123
841 842
841 843
841 844
841 845
841 1926
842 845
842 1043
842 1515
842 1678
842 1783
842 1784
843 875
843 1059
843 1274
843 1456
843 2168
843 2244
844 1681
845 1026
845 1137
845 1515
846 847
846 848
846 849
846 1267
847 848
848 876
848 891
848 952
848 1135
848 1388
848 1389
848 1699
849 880
849 1276
849 1700
850 851
850 852
851 990
851 996
851 997
851 998
851 999
851 1000
851 1001
851 1489
851 1662
851 1719
852 867
852 1095
852 1162
852 1662
854 1295
855 1794
856 919
856 920
856 921
856 1136
856 1418
857 1052
857 1456
857 1535
858 1081
858 1731
859 935
859 1052
860 1613
861 862
861 1158
861 1166
861 1167
861 1848
861 1915
862 1158
862 1309
862 1915
862 2420
864 899
864 926
865 1175
865 1176
866 867
866 868
867 887
867 888
867 1161
867 1162
867 1358
867 1360
867 2446
868 1114
868 1369
869 870
869 871
869 872
869 873
869 874
869 1247
869 1269
869 1616
869 1692
870 1360
871 872
871 873
871 874
871 1560
872 873
872 1032
872 1396
872 1692
873 1421
874 1273
874 1410
874 1412
874 1528
874 1685
875 876
876 953
876 1041
876 1059
876 1138
876 1177
876 1214
876 1504
876 1577
877 878
877 879
877 989
877 1044
877 1473
877 1488
877 1569
877 1931
878 879
878 1161
878 1260
878 1365
878 1460
878 1461
878 2528
879 956
879 1259
879 1260
879 1261
879 1262
879 1263
879 1460
879 1461
879 1691
879 1746
880 1064
880 1065
880 1066
880 1242
880 1564
880 1633
880 1808
881 885
881 1260
881 1460
882 1279
882 1491
882 1635
882 1722
883 884
883 885
883 886
884 886
884 952
884 1139
884 1415
885 1421
886 1266
886 1514
886 1658
886 1708
886 1723
886 1765
887 888
889 890
889 1100
889 1362
890 1196
890 1952
891 970
891 1184
891 1389
892 893
892 894
892 895
893 1004
893 1546
894 976
894 1109
894 1205
894 1551
894 1706
895 911
895 1112
895 1148
896 909
897 898
897 1308
899 926
899 927
899 1040
899 1073
900 901
900 902
900 903
900 904
900 905
900 1042
900 1126
900 1162
900 1264
900 1316
900 1332
900 1840
900 1937
901 950
901 1005
901 1045
901 1167
901 1715
901 1727
901 1853
901 1902
901 1944
901 2520
902 1436
903 1671
903 1683
904 1365
904 1366
904 1576
904 1589
904 1755
905 959
905 994
905 1053
905 1773
905 1912
905 1914
906 910
906 1024
906 1028
906 1303
906 1336
906 1337
907 992
907 1028
907 1084
907 1303
907 1372
907 1382
907 1967
908 1206
908 1336
908 1613
909 917
909 930
909 996
909 1011
909 1055
909 1332
910 1005
910 1190
910 1314
910 1753
910 1936
910 2231
911 912
911 913
911 1251
911 1977
912 1440
912 1696
913 1976
913 1977
913 2072
913 2500
915 916
915 917
915 918
915 1501
915 1931
916 1016
917 918
917 1011
918 1844
919 920
919 921
919 1025
919 1711
920 921
920 1638
921 1418
922 925
922 1491
922 1492
922 1931
923 1280
923 1283
923 1807
924 986
924 987
924 1124
924 1491
925 1034
925 1125
925 1491
925 1507
925 1936
925 1967
926 927
926 928
926 1099
926 1277
926 1454
926 1455
926 1458
926 1459
927 1073
927 1075
927 1101
927 1112
927 1203
927 1230
927 1459
928 1072
928 1074
928 1277
929 930
929 931
929 932
929 933
929 1390
930 932
930 996
930 1011
930 1053
930 1055
930 1523
930 1698
930 1837
931 1182
931 1382
931 2091
931 2095
932 972
932 1350
933 1957
933 2036
933 2072
933 2201
933 2266
933 2275
933 2276
933 2277
933 2282
933 2293
933 2390
933 2416
933 2521
934 935
934 936
934 937
934 1541
936 1538
936 1637
936 1639
937 1013
937 1016
937 1025
937 1575
937 1944
937 1945
938 939
938 940
938 941
938 942
938 947
938 972
938 974
939 941
939 942
939 947
940 972
940 1087
940 1373
941 942
941 947
942 1449
943 1016
943 1836
944 1138
944 1257
945 968
945 1635
946 1088
947 1651
948 949
948 950
948 951
948 981
949 1130
949 1705
950 981
950 982
950 1408
950 1426
951 972
951 1070
951 1178
951 1179
951 1451
951 1705
951 1836
952 1243
952 1286
952 1478
952 1508
953 1213
953 1214
953 2438
954 1352
954 1374
954 1689
954 1726
955 1243
955 1570
955 1579
955 1904
956 1486
956 1487
956 1594
956 1831
957 1036
957 1135
957 1641
957 1737
957 1977
958 959
958 960
958 961
958 1805
959 1022
959 1327
959 1332
960 1078
960 1162
960 1309
960 1840
961 1202
962 963
962 964
963 981
963 1024
963 1025
963 1026
963 1027
963 1028
963 1718
963 1916
963 2016
964 1172
965 966
965 974
965 1372
966 1101
966 1145
966 1203
966 1217
966 1448
967 968
967 969
967 970
967 971
967 1441
968 1009
968 1295
968 1321
968 1504
969 1134
969 1189
969 1429
969 1454
969 1558
969 1816
970 1639
971 1045
971 1683
972 973
972 974
972 1459
973 974
973 1229
973 1659
974 1146
974 1231
974 1659
974 1946
974 1974
975 976
975 977
975 978
975 979
975 980
975 1535
975 1822
976 978
976 1203
976 1204
976 1205
976 1629
976 1706
977 1243
977 1396
977 1673
977 1832
978 1021
978 1205
978 1214
978 1609
978 1706
979 1080
979 1169
979 1170
979 1495
979 1612
979 1653
979 1658
979 1670
979 1711
979 1788
980 1064
980 1266
980 1569
980 1579
980 1891
981 1024
981 1026
981 1028
981 1254
981 1340
981 1348
981 1675
982 1210
982 1272
983 1138
983 1778
983 1897
984 1411
984 1528
984 1874
985 991
985 1011
985 1095
985 1096
985 1117
985 1196
985 1229
986 1115
986 1338
986 1457
986 1467
986 1903
987 1326
987 1457
987 1644
987 1851
988 1386
989 990
989 991
989 992
989 1111
989 1748
990 997
990 1091
990 1092
990 1521
990 1617
991 992
991 998
991 1060
991 1117
991 1346
991 1353
991 1500
992 998
992 1060
992 1061
992 1095
992 1353
993 1443
993 1546
993 1547
993 1856
994 995
994 1027
994 1113
994 1656
995 1317
995 1586
995 1684
995 1982
996 1011
996 1523
997 999
997 1662
998 1051
998 1125
998 1488
998 1489
998 1490
998 1964
999 1044
999 1088
999 1157
999 1337
999 1382
999 1565
999 1593
999 1677
999 2062
1000 1196
1000 1285
1000 1294
1000 1698
1001 1123
1001 1489
1001 1698
1002 1003
1002 1004
1002 1005
1002 1006
1003 1986
1004 1217
1004 1876
1004 1909
1004 1974
1005 1124
1005 1845
1006 1439
1006 1715
1006 1720
1007 1008
1007 1009
1007 1010
1008 1307
1008 1648
1008 1975
1011 1055
1011 1547
1011 1750
1011 1837
1012 1013
1012 1014
1012 1015
1012 1016
1012 1017
1012 1018
1012 1215
1012 1239
1012 1506
1012 1714
1013 1016
1013 1017
1014 1346
1014 1379
1014 1436
1014 1709
1014 1745
1014 1961
1015 1016
1015 1017
1015 1018
1015 1820
1015 1823
1015 1877
1016 1017
1016 1018
1016 1026
1016 1094
1016 1215
1016 1739
1016 1846
1017 1018
1017 1094
1017 1096
1017 1097
1017 1238
1018 1239
1018 1664
1018 1724
1018 1823
1018 1876
1018 1883
1019 1132
1019 1481
1019 1633
1020 1197
1020 1198
1020 1256
1020 1340
1020 1348
1020 1456
1021 1179
1021 1241
1021 1633
1022 1147
1022 1199
1022 1200
1022 1699
1023 1609
1024 1028
1024 1345
1024 1440
1024 1675
1024 1767
1025 1284
1025 1381
1025 1639
1025 1711
1026 1817
1026 1847
1027 1402
1027 1454
1027 1496
1028 1319
1028 1336
1028 1439
1028 1440
1028 1696
1028 1725
1029 1030
1030 1224
1030 1247
1030 1809
1031 1032
1031 1033
1031 1034
1031 1035
1031 1036
1031 1037
1031 1038
1031 1280
1031 1848
1032 1036
1032 1258
1032 1398
1033 1035
1033 1231
1033 1280
1033 1446
1033 1785
1033 1786
1034 1182
1034 1507
1034 2148
1035 1233
1035 1280
1036 1550
1036 1977
1037 1038
1037 1955
1037 2040
1037 2084
1037 2089
1037 2116
1037 2148
1037 2274
1037 2328
1037 2343
1037 2458
1038 1954
1038 1955
1038 2011
1038 2084
1038 2147
1038 2148
1038 2259
1038 2270
1038 2274
1038 2435
1039 1040
1039 1041
1039 1067
1039 1074
1039 1104
1039 1653
1039 1697
1039 1806
1040 1069
1041 1239
1041 1436
1041 1605
1041 1669
1041 1725
1042 1043
1042 1044
1042 1045
1042 1046
1042 1312
1042 1324
1043 1046
1043 1126
1043 1334
1043 1361
1043 1370
1043 1371
1043 1683
1043 1684
1043 1968
1044 1111
1044 1284
1044 1337
1044 1574
1044 1586
1044 1669
1045 1046
1045 1441
1045 1951
1046 1270
1046 1674
1046 1951
1047 1048
1047 1049
1047 1050
1047 1393
1047 1494
1048 1171
1048 1181
1048 1592
1048 1814
1048 1866
1048 1968
1049 1733
1049 1734
1049 1737
1049 1881
1050 1794
1050 1795
1050 2060
1050 2230
1051 1094
1051 1095
1051 1392
1052 1194
1052 1372
1052 1384
1052 1694
1053 1287
1053 1337
1053 1698
1053 1772
1053 2003
1053 2095
1055 1343
1055 1536
1055 1698
1056 1057
1057 1328
1057 1378
1057 1748
1057 1784
1058 1059
1059 1504
1059 1577
1060 1061
1060 1062
1060 1063
1060 1095
1061 1095
1061 1161
1061 1462
1061 1467
1061 1854
1061 2150
1062 2077
1062 2182
1062 2184
1062 2201
1062 2294
1062 2306
1062 2438
1063 1911
1063 2012
1063 2052
1063 2087
1063 2167
1063 2219
1063 2222
1063 2283
1063 2297
1063 2314
1064 1502
1064 1641
1064 1707
1064 1927
1065 1129
1065 1193
1065 1686
1066 1375
1066 1648
1066 1793
1067 1068
1067 1069
1067 1070
1067 1071
1067 1344
1067 1357
1068 1703
1069 1071
1069 1171
1069 1778
1070 1099
1071 1179
1071 1320
1071 1357
1071 1449
1071 1452
1072 1073
1072 1074
1072 1075
1072 1562
1073 1075
1073 1449
1073 1453
1073 1497
1074 1452
1074 1497
1074 1714
1074 1752
1075 1230
1075 1497
1075 1498
1076 1077
1076 1078
1076 1162
1076 1442
1077 1217
1077 1221
1077 1255
1077 1355
1077 1857
1078 1264
1078 1284
1078 1405
1078 1521
1078 1906
1079 1080
1079 1081
1080 1212
1081 1213
1081 1217
1081 1218
1081 1647
1081 1865
1082 1083
1082 1084
1082 1085
1082 1086
1082 1245
1082 1653
1083 1144
1083 1150
1083 1386
1084 1798
1084 1892
1085 1208
1085 1245
1085 1761
1086 1592
1087 1088
1087 1089
1087 1090
1087 1091
1087 1092
1087 1093
1088 1112
1088 1337
1088 1435
1088 1838
1089 1364
1089 1399
1089 1583
1089 1618
1090 1390
1090 1408
1090 1619
1090 1683
1090 1960
1091 1470
1091 2033
1091 2082
1091 2086
1091 2093
1091 2095
1091 2125
1091 2166
1091 2202
1091 2232
1091 2301
1091 2353
1091 2407
1091 2421
1091 2425
1092 1470
1092 1744
1092 1907
1092 2009
1092 2033
1092 2086
1092 2093
1092 2095
1092 2125
1092 2166
1092 2202
1092 2232
1092 2281
1092 2292
1092 2301
1092 2353
1092 2407
1092 2421
1092 2425
1093 1596
1093 1943
1093 1950
1093 2076
1093 2079
1093 2082
1093 2165
1093 2185
1093 2282
1093 2292
1093 2299
1093 2301
1093 2373
1093 2523
1094 1096
1094 1097
1095 1344
1095 1397
1095 1459
1095 1542
1095 1854
1096 1097
1097 1116
1097 1317
1097 1442
1097 1517
1097 1668
1098 1160
1098 1584
1098 1684
1099 1101
1099 1204
1099 1254
1099 1426
1099 1453
1099 1458
1100 1255
1100 1256
1100 1276
1100 1479
1100 1609
1100 1689
1101 1426
1101 1458
1101 1459
1102 1145
1102 1229
1102 1447
1102 1659
1103 1104
1103 1105
1103 1106
1103 1107
1103 1108
1103 1109
1103 1110
1104 1109
1104 1115
1104 1205
1104 1357
1104 1535
1105 1108
1105 1245
1105 1641
1105 1832
1106 1108
1106 1169
1106 1510
1106 1671
1107 1349
1107 1475
1107 1482
1107 1525
1107 1580
1107 1804
1108 1169
1108 1245
1108 1246
1108 1275
1108 1612
1108 1832
1109 1203
1109 1205
1109 1357
1109 1535
1109 1645
1110 1138
1110 1356
1110 1524
1110 1633
1111 1112
1111 1113
1112 1336
1113 1306
1113 1485
1113 1746
1113 1747
1113 1748
1114 1115
1114 1116
1114 1117
1114 1118
1114 1310
1114 1312
1114 1392
1114 1751
1115 1118
1115 1204
1115 1457
1115 1878
1115 1968
1116 1164
1116 1442
1116 1598
1116 1667
1116 1913
1117 1248
1117 1457
1117 1644
1117 1676
1117 1829
1118 1248
1118 1353
1118 1391
1118 1432
1118 1457
1118 1644
1118 1676
1118 1829
1119 1120
1119 1121
1119 1122
1120 1478
1120 1607
1120 1768
1120 1975
1122 1303
1122 1484
1122 1564
1122 1641
1122 1799
1123 1124
1123 1125
1123 1368
1123 1698
1124 1698
1125 1288
1125 1940
1125 1964
1126 1127
1126 1543
1127 1549
1127 1550
1128 1322
1128 1349
1128 1434
1128 1445
1128 1611
1129 1261
1129 1693
1130 1568
1130 1822
1131 1174
1131 2025
1131 2180
1131 2267
1131 2275
1131 2357
1131 2517
1132 1133
1133 1722
1133 1723
1133 1818
1133 1921
1134 1135
1135 1187
1135 1241
1135 1372
1135 1522
1135 1615
1135 1692
1135 1705
1136 1137
1136 1138
1136 1139
1136 1140
1136 1154
1137 1183
1137 1290
1137 1313
1137 1406
1137 1409
1137 1482
1137 1617
1137 1668
1138 1669
1139 1222
1139 1993
1140 1596
1140 2183
1140 2298
1140 2299
1141 1142
1141 1143
1142 1528
1142 1875
1143 1953
1144 1198
1144 1502
1144 1522
1145 1146
1145 1229
1146 1700
1146 1917
1147 1199
1147 1362
1147 1449
1148 1149
1148 1150
1148 1151
1148 1710
1149 1663
1149 1710
1150 1710
1151 1710
1152 1153
1152 1154
1152 1155
1153 1284
1153 1399
1153 1586
1153 1587
1153 1922
1154 1311
1154 1406
1154 1565
1154 1777
1154 1805
1155 1249
1155 1298
1158 1159
1158 1559
1159 1404
1159 1473
1159 2023
1160 1210
1161 1162
1161 1163
1161 1451
1162 1283
1162 1297
1163 1950
1163 2001
1163 2185
1163 2193
1163 2218
1163 2267
1163 2284
1163 2293
1163 2300
1163 2332
1163 2503
1163 2521
1164 1229
1164 1339
1165 1576
1165 1988
1166 1315
1166 1770
1167 1516
1167 1649
1167 1727
1167 1855
1168 1169
1168 1170
1168 1537
1169 1170
1169 1246
1170 1612
1171 1175
1171 1211
1172 1564
1172 1628
1173 1277
1173 1278
1173 1561
1174 1980
1174 2023
1174 2028
1174 2064
1174 2451
1174 2464
1175 1176
1175 1177
1175 1699
1176 1253
1176 1254
1177 1203
1177 1686
1177 1859
1178 1179
1178 1180
1178 1501
1178 1817
1179 1633
1179 1889
1180 1346
1181 1182
1181 1183
1181 1184
1181 1653
1181 1910
1181 1968
1183 1227
1183 1268
1183 1361
1183 1381
1183 1388
1183 1432
1183 1544
1183 1674
1183 1876
1183 2141
1184 1500
1184 1667
1184 1709
1184 1737
1184 1850
1184 1876
1185 1186
1185 1759
1185 1946
1186 1401
1187 1188
1187 1189
1187 1190
1187 1191
1187 1192
1188 1189
1188 1508
1188 1509
1189 1190
1189 1192
1190 1192
1190 1509
1191 1302
1193 1194
1194 1241
1194 1536
1195 1278
1195 1423
1195 1424
1195 1425
1196 1294
1196 1517
1196 1733
1196 1734
1196 1735
1196 1737
1196 1952
1196 2121
1197 1198
1197 1199
1197 1200
1197 1525
1197 1777
1198 1498
1198 1697
1199 1449
1200 1275
1200 1295
1200 1468
1200 1804
1200 1935
1201 1250
1201 1556
1201 1761
1201 1892
1203 1204
1203 1690
1203 1706
1203 1753
1203 1754
1204 1449
1204 1452
1205 1706
1206 1207
1206 1858
1206 1868
1207 1367
1207 1396
1207 1824
1208 1209
1208 1245
1210 1239
1210 1347
1210 1622
1210 1860
1210 1861
1210 1883
1210 1913
1211 1626
1211 1627
1211 1628
1212 1244
1212 1510
1212 1694
1212 1857
1213 1218
1213 1640
1213 1700
1214 1530
1215 1216
1216 1873
1217 1218
1217 1219
1217 1220
1217 1221
1218 1220
1218 1647
1220 1291
1221 1255
1221 1256
1221 1299
1221 1355
1221 1479
1221 1850
1221 1973
1222 1908
1222 1941
1223 1224
1223 1225
1224 1225
1224 1300
1225 1601
1226 1227
1226 1228
1227 1228
1227 1432
1227 1650
1227 1674
1227 1767
1227 1830
1228 1772
1229 1230
1229 1231
1229 1294
1229 1339
1229 1451
1229 1659
1229 1752
1230 1497
1230 1498
1230 1499
1230 1501
1231 1271
1231 1412
1231 1451
1231 1659
1232 1349
1232 1530
1232 1802
1233 1234
1233 1359
1233 1447
1233 1546
1235 1236
1235 1237
1235 1238
1236 1237
1236 1238
1237 1238
1239 1240
1240 1495
1240 1778
1241 1242
1241 1243
1241 1244
1241 1633
1242 1605
1242 1673
1243 1273
1243 1372
1243 1396
1243 1461
1243 1580
1244 1550
1244 1686
1245 1246
1245 1805
1246 1672
1247 1547
1247 1563
1247 1685
1247 1721
1248 1249
1249 1390
1249 1841
1249 1979
1249 1980
1249 1981
1250 1913
1251 1252
1251 1303
1251 1885
1251 1889
1253 1254
1254 1363
1254 1458
1254 1514
1255 1256
1255 1666
1255 1850
1255 1859
1255 1989
1256 1276
1256 1850
1256 1859
1257 1258
1257 1418
1257 1591
1257 1777
1258 1398
1258 1564
1258 1607
1258 1842
1259 1260
1259 1261
1259 1262
1259 1263
1260 1261
1260 1263
1260 1460
1260 1461
1260 1691
1261 1262
1261 1263
1261 1535
1261 1693
1262 1263
1262 1888
1263 1832
1264 1284
1265 1314
1265 1317
1265 1733
1265 1774
1266 1303
1266 1375
1266 1385
1266 1658
1266 1808
1267 1268
1268 1618
1268 1663
1268 1664
1269 1270
1269 1404
1270 1586
1270 1588
1270 1834
1270 1835
1271 1362
1271 1363
1271 1410
1271 1802
1271 2021
1272 1273
1272 1537
1272 1753
1274 1384
1274 1456
1275 1276
1275 1693
1275 1769
1275 1832
1275 1883
1276 1386
1276 1496
1276 1609
1276 1708
1276 1769
1277 1278
1277 1279
1277 1280
1277 1281
1277 1282
1277 1425
1277 1740
1277 1798
1278 1282
1278 1425
1278 1693
1279 1420
1279 1426
1279 1646
1280 1455
1281 1545
1282 1319
1282 1459
1282 1498
1282 1697
1282 1726
1283 1284
1283 1285
1285 1294
1285 1977
1286 2123
1287 1594
1288 1289
1288 1290
1288 1291
1288 1533
1289 1290
1289 1417
1289 1418
1289 1531
1290 1418
1290 1531
1290 1532
1290 1533
1291 1369
1291 1794
1291 1827
1293 1339
1293 1748
1293 1916
1294 1613
1295 1996
1296 1297
1297 1432
1297 1909
1297 2481
1299 1300
1300 1724
1301 1812
1302 1975
1304 1305
1304 1306
1304 1307
1304 1598
1304 1694
1305 1306
1305 1413
1305 1450
1305 1746
1305 1747
1306 1594
1306 1692
1307 1375
1310 1392
1310 1644
1310 1829
1311 1587
1311 1805
1311 1929
1312 1376
1312 1473
1312 1587
1313 1314
1313 1315
1313 1316
1313 1317
1313 1429
1314 1317
1315 1770
1316 1517
1316 1801
1316 1810
1317 1517
1317 1753
1317 1841
1317 1953
1317 2501
1318 1319
1318 1438
1318 1932
1319 1695
1319 1696
1319 1813
1320 1434
1320 1695
1320 1737
1320 1917
1321 1511
1321 1512
1321 1513
1321 1536
1321 1640
1321 1673
1321 1830
1322 1446
1322 1936
1322 2061
1322 2099
1322 2126
1322 2169
1322 2371
1322 2377
1323 1741
1324 1325
1324 1326
1324 1327
1324 1328
1324 1329
1324 1330
1324 1331
1325 1327
1325 1347
1325 1742
1325 1743
1325 1744
1325 1749
1325 1755
1326 1332
1326 1542
1326 1630
1327 1334
1327 1623
1327 1738
1327 1742
1327 1857
1327 1886
1327 1898
1327 1899
1328 1378
1328 1991
1329 2335
1329 2447
1330 1553
1330 2005
1330 2111
1330 2131
1330 2136
1330 2137
1330 2142
1330 2319
1330 2344
1330 2387
1331 1744
1331 2266
1331 2303
1331 2320
1331 2373
1331 2399
1331 2415
1331 2452
1331 2473
1332 1333
1332 1334
1332 1335
1332 1473
1332 1517
1333 1334
1333 1767
1334 1789
1334 1890
1334 1916
1335 2320
1336 1573
1336 1732
1336 1902
1336 1967
1337 2062
1340 1341
1340 1639
1341 1567
1341 1622
1341 1631
1341 1675
1341 1705
1341 1719
1341 1813
1341 1814
1341 1941
1342 1343
1342 1344
1342 1455
1343 1344
1345 1455
1345 1675
1345 1809
1346 1347
1347 1743
1347 1744
1348 1510
1348 1757
1349 1445
1349 1475
1349 1802
1351 1352
1353 1354
1354 1467
1354 1548
1354 1676
1354 1677
1355 1361
1355 1704
1355 1886
1355 2093
1355 2126
1355 2128
1356 1524
1356 1525
1357 1449
1358 1359
1358 1360
1359 1381
1359 1619
1359 1674
1360 1915
1361 1857
1362 1363
1362 1364
1363 1410
1364 1369
1364 1544
1364 1973
1365 1366
1365 1367
1365 1368
1365 1488
1365 2538
1366 1588
1366 1916
1367 1536
1367 1560
1368 1589
1369 1489
1369 1732
1369 1902
1370 1570
1370 1579
1370 1747
1370 1812
1370 1975
1371 1899
1371 2010
1371 2057
1371 2097
1371 2099
1371 2100
1372 1456
1372 1571
1374 1375
1375 1523
1375 1604
1376 1377
1376 1378
1377 1477
1377 1862
1377 2178
1378 1637
1378 1639
1378 1896
1379 1436
1381 1441
1381 1868
1382 1807
1384 1385
1384 1386
1387 1605
1388 1389
1389 1423
1389 1844
1390 1391
1390 1392
1390 1668
1391 1392
1391 1548
1391 1724
1392 1676
1392 1677
1392 1878
1393 1394
1393 1395
1393 1396
1393 1774
1393 1800
1394 1396
1394 1476
1394 1690
1395 1493
1395 1632
1397 1750
1397 1854
1398 1782
1399 1472
1399 1922
1400 1987
1400 2352
1400 2495
1401 1500
1402 1403
1403 1538
1403 1541
1404 1405
1404 1406
1405 1473
1405 1521
1407 1484
1407 1496
1407 1565
1407 1566
1407 1602
1407 1603
1407 1771
1408 1631
1409 1610
1409 1663
1409 1753
1409 1956
1410 1411
1410 1412
1410 1652
1410 1672
1411 1527
1411 1528
1411 1529
1411 1839
1411 1868
1412 1528
1412 1672
1413 1414
1414 1526
1417 1418
1417 1419
1418 1419
1418 1531
1418 1546
1418 1567
1418 1925
1419 1763
1419 1837
1419 2097
1420 1421
1421 1460
1423 1425
1423 1844
1424 1900
1426 1731
1427 1428
1428 1868
1429 1505
1429 1558
1430 1505
1430 1887
1431 1432
1431 1433
1432 1433
1432 1806
1433 1695
1434 1480
1434 1585
1434 1882
1436 1437
1436 1438
1436 1439
1436 1440
1437 2519
1438 1654
1438 1909
1438 1932
1439 1440
1439 1932
1440 1696
1440 1767
1441 1767
1442 1474
1442 1598
1442 1667
1442 1668
1442 1805
1443 1546
1443 2346
1443 2456
1443 2518
1444 1965
1444 2205
1444 2399
1444 2435
1444 2518
1445 1475
1445 1476
1445 1477
1445 1482
1446 1535
1446 1896
1447 1448
1449 1599
1449 1608
1449 1645
1451 1659
1452 1453
1452 1454
1452 1455
1452 1768
1453 1458
1453 1626
1453 1627
1454 2400
1455 1889
1457 1644
1458 1459
1458 1626
1458 1627
1458 1877
1459 1497
1459 1499
1459 1959
1460 1461
1460 1691
1460 1755
1460 2060
1461 1735
1461 1999
1461 2020
1461 2358
1462 1463
1462 1464
1462 1465
1462 1466
1463 1749
1464 1761
1465 1841
1466 1911
1466 2011
1466 2283
1466 2286
1466 2289
1468 1469
1468 1708
1470 2077
1470 2174
1470 2192
1470 2353
1472 1473
1472 1474
1473 1517
1475 1476
1475 1477
1476 1477
1476 1481
1476 1672
1477 1481
1477 1672
1477 1788
1478 1508
1479 1609
1480 1585
1481 1482
1481 1569
1481 1673
1482 1569
1482 1707
1482 1759
1482 1786
1483 1984
1484 1642
1484 1738
1484 1919
1486 1487
1486 1488
1487 1594
1488 1490
1488 1931
1489 1490
1489 1732
1489 1750
1490 1840
1490 1949
1491 1816
1491 1967
1492 1899
1492 2010
1492 2398
1493 1494
1493 1495
1493 1708
1493 1831
1494 1622
1494 1746
1494 1797
1494 1798
1494 1799
1495 1528
1495 1579
1495 1969
1496 1879
1496 2273
1497 1498
1497 1499
1497 1622
1498 1697
1500 1501
1502 1646
1502 1712
1502 1713
1502 1726
1504 1577
1505 1506
1505 1761
1507 1644
1507 2159
1508 1509
1508 1570
1508 1646
1508 1647
1509 1551
1510 1536
1510 1547
1510 1605
1510 1639
1510 1670
1510 1877
1510 1887
1511 1512
1511 1513
1511 1514
1512 1513
1512 1567
1512 1801
1513 1567
1513 1673
1514 1752
1514 1889
1515 1516
1515 1716
1516 1527
1516 1678
1516 1816
1517 1715
1517 1841
1518 1519
1518 1520
1519 1520
1522 1611
1522 1615
1522 1616
1523 1604
1524 1525
1524 1550
1524 2161
1525 1725
1528 1652
1528 1831
1528 1839
1530 1597
1530 1764
1531 1661
1531 1751
1531 1958
1532 1533
1532 2006
1532 2109
1532 2238
1532 2318
1532 2319
1532 2384
1532 2466
1532 2480
1532 2507
1533 2051
1533 2084
1533 2144
1533 2145
1533 2236
1533 2297
1533 2480
1534 1580
1534 1991
1536 1537
1536 1578
1536 2168
1538 1539
1538 1540
1538 1541
1538 1550
1538 1639
1538 1770
1538 1888
1539 1743
1540 1550
1540 1592
1542 1630
1543 1544
1543 1545
1543 1690
1543 1844
1544 1545
1544 1620
1544 1621
1546 2518
1547 1671
1549 1550
1550 1639
1552 1812
1552 1949
1553 1554
1553 1555
1553 1556
1556 1901
1561 1562
1561 1563
1562 1697
1563 1756
1563 1903
1563 2045
1563 2203
1563 2233
1563 2429
1563 2479
1565 1566
1567 1568
1567 1569
1567 1570
1567 1608
1567 1667
1567 1746
1567 1841
1567 2362
1568 1607
1568 1608
1568 1667
1568 1799
1568 1806
1569 1953
1570 1812
1570 1901
1571 1572
1571 1757
1572 1698
1572 1803
1574 1575
1575 1963
1576 1622
1577 1578
1577 1610
1577 1665
1577 1666
1580 1588
1580 1991
1581 1658
1582 1584
1582 1845
1583 1584
1583 1845
1584 1845
1587 1711
1588 1589
1588 2386
1589 1660
1591 1634
1591 1716
1591 1717
1591 1777
1592 1652
1594 1595
1595 1792
1595 1826
1596 1597
1596 1598
1596 1599
1597 2081
1597 2164
1598 1867
1598 1872
1598 1876
1598 1880
1599 1617
1599 1985
1600 1601
1600 1920
1602 1778
1603 2286
1603 2360
1604 1911
1604 1936
1604 1938
1604 2003
1604 2022
1604 2167
1604 2168
1604 2169
1605 1648
1605 1670
1605 1884
1605 1887
1606 1723
1606 1865
1607 1608
1607 1799
1607 1966
1609 1610
1609 1663
1609 1859
1610 1663
1610 1665
1610 1666
1611 1782
1612 1786
1613 1614
1614 1633
1616 1814
1616 1887
1616 1909
1619 1649
1621 1695
1621 1814
1621 1868
1623 1624
1626 1627
1626 1628
1627 1628
1631 1813
1631 1814
1631 1974
1632 1633
1632 1634
1632 1908
1634 1717
1635 1686
1636 1637
1636 1638
1636 1703
1639 1640
1640 1700
1640 1818
1640 1819
1641 1707
1641 1927
1642 1680
1642 1727
1642 1843
1642 1855
1642 1856
1642 2519
1643 1676
1643 1930
1646 1657
1646 1769
1646 1844
1647 1731
1647 1843
1648 1764
1649 1650
1649 1651
1650 1674
1650 1739
1650 1867
1651 1896
1652 1761
1652 1840
1652 1894
1652 1906
1652 2022
1652 2431
1655 1730
1656 1982
1656 1992
1656 2194
1656 2260
1656 2306
1656 2346
1659 1752
1660 1869
1661 1662
1661 1904
1663 1664
1663 1665
1663 1666
1667 1841
1670 1671
1670 1672
1671 1778
1671 1887
1672 1972
1674 1683
1674 1858
1674 1920
1674 1932
1676 1677
1678 1874
1678 2026
1679 1680
1679 1681
1679 1855
1680 1855
1680 1899
1681 1951
1682 1683
1682 1684
1683 1684
1684 1915
1684 1953
1685 1820
1685 1918
1687 1688
1687 1755
1689 1815
1690 1817
1690 1823
1691 2155
1691 2310
1691 2330
1691 2331
1691 2528
1692 1693
1693 1768
1693 1769
1699 1700
1701 1702
1701 1907
1704 1934
1705 1917
1706 1885
1707 1927
1708 1824
1709 1961
1710 1901
1711 1877
1711 1918
1711 1962
1712 1713
1713 1821
1714 1715
1714 1901
1715 1738
1715 2518
1716 1717
1718 1719
1719 1728
1720 1721
1722 1913
1726 1727
1726 1728
1728 1942
1728 2061
1728 2067
1728 2091
1728 2092
1728 2094
1728 2121
1728 2165
1728 2426
1728 2448
1729 1730
1731 1843
1731 1923
1733 1734
1733 1735
1733 2462
1734 1735
1734 1737
1734 1952
1734 2121
1734 2136
1734 2375
1734 2447
1734 2462
1735 1737
1735 1952
1735 2022
1735 2447
1737 1738
1738 1742
1740 1741
1741 1787
1741 1941
1742 1789
1742 2519
1743 1817
1743 1840
1743 1910
1743 1911
1744 1795
1744 1911
1744 2086
1744 2183
1744 2290
1744 2293
1744 2304
1744 2320
1744 2352
1744 2399
1744 2489
1744 2521
1745 1961
1746 1798
1746 1800
1746 1906
1747 1883
1749 1820
1752 1889
1753 1754
1753 1755
1753 1756
1754 1871
1754 2243
1755 1867
1755 1930
1755 2060
1756 2127
1756 2163
1756 2164
1756 2185
1756 2205
1756 2360
1757 1758
1759 1760
1762 1763
1763 2039
1763 2213
1763 2427
1764 2066
1766 1767
1768 1769
1769 1807
1770 1954
1771 1772
1771 1773
1774 1775
1775 2014
1775 2108
1775 2326
1775 2349
1775 2483
1779 1780
1779 1781
1789 1790
1790 1980
1790 2346
1791 1792
1791 1793
1794 1795
1794 1796
1795 1796
1795 2096
1795 2230
1796 1830
1796 2109
1796 2142
1796 2144
1796 2145
1796 2230
1796 2319
1796 2359
1796 2365
1796 2469
1798 1891
1800 1801
1802 1803
1806 1847
1806 1924
1806 1925
1810 1811
1810 2005
1810 2072
1810 2073
1810 2074
1810 2075
1810 2076
1810 2238
1810 2469
1811 2500
1813 1814
1817 1823
1817 1968
1818 1819
1819 1897
1820 2017
1821 1850
1823 1824
1823 1825
1823 1831
1824 1831
1824 1833
1826 1827
1826 1828
1827 1964
1828 1907
1828 2144
1829 2028
1830 1898
1830 2075
1830 2098
1830 2113
1830 2145
1830 2286
1830 2287
1830 2319
1830 2326
1830 2359
1830 2369
1830 2410
1831 1839
1832 1887
1832 1989
1837 1943
1837 2012
1837 2093
1837 2124
1837 2128
1837 2297
1837 2324
1837 2369
1837 2371
1837 2375
1838 1959
1843 1923
1844 1845
1844 1846
1845 1846
1846 1848
1847 1937
1847 1939
1848 1849
1849 2216
1849 2438
1850 1857
1850 1923
1850 1950
1851 1852
1852 1879
1853 1854
1855 2400
1856 1942
1856 1950
1856 2036
1856 2062
1856 2144
1856 2332
1857 2519
1859 2012
1860 1975
1866 2266
1866 2389
1866 2390
1870 1871
1873 1874
1879 1886
1882 1909
1886 2146
1886 2366
1886 2382
1886 2397
1886 2443
1888 1927
1890 2035
1890 2164
1890 2242
1890 2488
1890 2524
1892 1893
1898 2075
1898 2113
1898 2115
1898 2117
1898 2119
1898 2144
1898 2167
1898 2263
1898 2264
1898 2287
1898 2288
1898 2289
1898 2329
1898 2361
1898 2367
1899 2004
1899 2010
1899 2058
1899 2099
1899 2246
1899 2247
1899 2286
1899 2287
1899 2361
1899 2387
1900 2017
1900 2278
1900 2427
1903 2013
1903 2079
1903 2176
1903 2201
1903 2203
1903 2205
1903 2207
1903 2208
1903 2209
1903 2210
1903 2211
1903 2313
1903 2325
1903 2326
1903 2343
1903 2360
1903 2381
1903 2451
1904 1905
1907 1956
1907 2093
1907 2094
1907 2097
1907 2192
1907 2332
1907 2407
1907 2476
1910 2408
1911 1936
1911 2089
1911 2091
1911 2169
1911 2178
1911 2459
1913 1914
1918 1920
1929 1930
1929 1999
1929 2118
1929 2122
1929 2143
1929 2231
1929 2430
1929 2458
1929 2459
1931 1959
1934 1942
1934 2011
1934 2140
1934 2298
1934 2305
1934 2332
1934 2386
1934 2501
1936 2003
1936 2013
1936 2038
1936 2061
1936 2086
1936 2119
1936 2126
1936 2129
1936 2167
1936 2169
1936 2221
1936 2231
1936 2344
1936 2368
1936 2409
1936 2471
1937 1938
1937 1939
1938 1939
1938 1950
1938 2003
1938 2015
1938 2120
1938 2231
1938 2409
1938 2410
1938 2420
1938 2504
1939 2008
1939 2120
1939 2144
1939 2215
1939 2238
1939 2319
1939 2387
1939 2401
1939 2420
1939 2511
1941 1942
1942 1958
1942 2002
1942 2092
1942 2109
1942 2305
1942 2332
1942 2333
1943 2012
1943 2038
1943 2041
1943 2054
1943 2076
1943 2086
1943 2225
1943 2297
1943 2301
1943 2332
1943 2372
1943 2373
1943 2462
1944 1945
1944 2157
1944 2398
1944 2408
1945 2183
1945 2437
1945 2474
1946 1947
1946 1948
1950 1969
1950 2144
1950 2332
1950 2383
1950 2439
1952 2059
1952 2062
1952 2137
1954 2040
1954 2055
1954 2078
1954 2147
1954 2149
1954 2201
1954 2214
1954 2259
1954 2271
1954 2293
1954 2368
1954 2374
1955 2011
1955 2040
1955 2084
1955 2089
1955 2104
1955 2105
1955 2147
1955 2148
1955 2149
1955 2259
1955 2271
1955 2274
1955 2282
1955 2286
1955 2324
1955 2374
1957 2036
1957 2079
1957 2117
1957 2179
1957 2208
1957 2258
1957 2268
1957 2275
1957 2276
1957 2304
1957 2390
1957 2391
1958 2027
1958 2045
1958 2094
1958 2155
1958 2156
1958 2164
1958 2166
1958 2366
1958 2422
1958 2533
1964 1965
1965 2065
1965 2080
1965 2164
1965 2173
1965 2302
1965 2336
1965 2534
1969 2027
1970 1971
1973 1994
1979 1980
1979 1981
1979 2088
1979 2230
1979 2508
1980 1981
1980 2164
1980 2190
1981 2071
1982 2054
1982 2058
1982 2070
1982 2120
1982 2139
1982 2194
1982 2224
1982 2291
1982 2386
1983 2358
1985 2016
1985 2018
1985 2038
1985 2055
1985 2085
1985 2087
1985 2235
1985 2288
1985 2348
1986 1987
1987 2009
1987 2035
1987 2162
1987 2298
1987 2339
1987 2484
1988 1989
1989 1990
1992 2021
1992 2060
1992 2065
1992 2066
1992 2067
1992 2068
1992 2247
1992 2306
1992 2535
1997 1998
1997 1999
1997 2000
1997 2001
1997 2002
1997 2003
1997 2246
1997 2367
1998 2002
1998 2004
1998 2068
1998 2107
1998 2118
1999 2022
1999 2060
1999 2140
1999 2296
1999 2358
2000 2001
2000 2013
2000 2129
2000 2147
2000 2214
2000 2249
2000 2372
2000 2373
2001 2078
2001 2083
2001 2086
2001 2087
2001 2089
2001 2244
2001 2300
2001 2326
2001 2372
2001 2414
2002 2012
2002 2107
2002 2423
2002 2444
2003 2008
2003 2009
2003 2222
2003 2231
2003 2434
2004 2005
2004 2006
2004 2007
2005 2007
2005 2434
2006 2457
2007 2102
2007 2160
2007 2162
2007 2236
2008 2009
2008 2010
2008 2011
2008 2012
2008 2013
2008 2014
2008 2015
2008 2236
2008 2298
2009 2101
2009 2145
2009 2158
2009 2159
2009 2272
2009 2298
2009 2478
2010 2047
2010 2083
2010 2134
2010 2137
2010 2161
2010 2214
2010 2215
2010 2241
2010 2260
2010 2297
2010 2345
2010 2361
2011 2083
2011 2086
2011 2113
2011 2146
2011 2283
2011 2371
2011 2376
2012 2093
2012 2094
2012 2095
2012 2128
2012 2202
2012 2219
2012 2220
2012 2222
2012 2324
2012 2435
2013 2014
2013 2037
2013 2039
2013 2057
2013 2143
2013 2151
2013 2160
2013 2169
2013 2300
2013 2343
2013 2372
2014 2039
2014 2083
2014 2087
2014 2097
2014 2167
2014 2246
2014 2314
2014 2327
2014 2361
2015 2255
2015 2350
2015 2365
2015 2402
2015 2511
2016 2017
2016 2018
2016 2019
2016 2020
2016 2300
2016 2345
2017 2026
2017 2037
2017 2278
2018 2114
2018 2344
2018 2345
2018 2467
2019 2208
2019 2422
2019 2517
2020 2052
2021 2022
2022 2060
2022 2118
2022 2135
2022 2194
2022 2459
2023 2024
2023 2025
2023 2026
2023 2027
2023 2028
2023 2396
2023 2506
2024 2131
2024 2170
2024 2171
2024 2172
2025 2197
2025 2387
2026 2132
2027 2046
2027 2152
2027 2154
2027 2172
2027 2363
2027 2378
2027 2399
2027 2447
2027 2450
2027 2521
2028 2032
2028 2181
2028 2304
2028 2357
2028 2360
2029 2030
2029 2031
2029 2032
2029 2033
2029 2034
2029 2536
2030 2177
2030 2181
2030 2247
2030 2356
2030 2415
2030 2445
2030 2478
2031 2033
2031 2404
2031 2490
2031 2510
2032 2065
2032 2078
2032 2173
2032 2179
2032 2190
2032 2229
2032 2256
2032 2258
2032 2260
2032 2264
2032 2275
2032 2378
2032 2422
2032 2489
2032 2499
2033 2211
2033 2229
2033 2233
2033 2353
2034 2453
2035 2036
2035 2393
2035 2449
2035 2485
2036 2064
2036 2082
2036 2179
2036 2204
2036 2265
2036 2266
2036 2267
2036 2268
2036 2338
2036 2534
2037 2038
2037 2039
2037 2040
2037 2041
2037 2042
2037 2057
2037 2327
2037 2343
2037 2384
2038 2039
2038 2040
2038 2055
2038 2058
2038 2083
2038 2085
2038 2088
2038 2106
2038 2149
2038 2150
2038 2151
2038 2234
2038 2235
2038 2237
2038 2269
2038 2274
2038 2343
2038 2368
2038 2372
2038 2374
2039 2042
2039 2055
2039 2064
2039 2085
2039 2088
2039 2151
2039 2256
2039 2327
2039 2372
2039 2374
2039 2427
2039 2429
2039 2531
2040 2055
2040 2084
2040 2088
2040 2104
2040 2105
2040 2106
2040 2146
2040 2147
2040 2150
2040 2151
2040 2201
2040 2234
2040 2235
2040 2259
2040 2270
2040 2274
2040 2368
2040 2374
2040 2414
2041 2168
2041 2237
2041 2327
2041 2343
2041 2372
2041 2434
2042 2055
2042 2085
2042 2151
2043 2044
2043 2045
2043 2046
2043 2130
2043 2132
2043 2313
2044 2130
2044 2132
2044 2226
2044 2250
2045 2130
2045 2131
2045 2145
2045 2157
2045 2394
2045 2529
2046 2152
2046 2180
2046 2197
2046 2207
2046 2210
2046 2262
2046 2313
2046 2381
2046 2516
2047 2048
2047 2049
2047 2050
2047 2051
2047 2052
2047 2053
2048 2326
2048 2327
2048 2328
2049 2077
2049 2090
2049 2120
2049 2122
2049 2135
2049 2345
2049 2409
2049 2419
2050 2101
2050 2454
2051 2486
2052 2054
2052 2056
2052 2057
2052 2093
2052 2094
2052 2095
2052 2219
2052 2220
2052 2376
2052 2377
2052 2448
2053 2102
2053 2160
2053 2180
2053 2454
2053 2458
2053 2486
2053 2538
2054 2055
2054 2056
2054 2057
2054 2058
2054 2069
2054 2273
2054 2454
2055 2056
2055 2057
2055 2069
2055 2085
2055 2088
2055 2104
2055 2105
2055 2106
2055 2134
2055 2150
2055 2151
2055 2234
2055 2235
2055 2259
2055 2269
2055 2327
2055 2374
2055 2448
2055 2468
2056 2057
2056 2058
2056 2060
2056 2448
2057 2058
2057 2248
2057 2410
2057 2458
2058 2081
2058 2147
2058 2149
2058 2231
2058 2376
2058 2377
2058 2420
2059 2060
2059 2061
2059 2062
2059 2462
2060 2103
2060 2136
2060 2230
2060 2430
2061 2091
2061 2124
2061 2125
2061 2126
2061 2127
2061 2129
2061 2169
2061 2426
2061 2466
2062 2462
2063 2064
2063 2416
2064 2217
2064 2229
2064 2232
2064 2256
2064 2257
2064 2258
2064 2259
2064 2354
2065 2066
2065 2078
2065 2195
2065 2218
2065 2260
2065 2261
2065 2264
2065 2306
2065 2314
2065 2315
2065 2316
2065 2373
2065 2438
2066 2078
2066 2306
2066 2411
2066 2424
2066 2473
2067 2068
2067 2082
2067 2091
2067 2093
2067 2094
2067 2095
2067 2220
2067 2375
2068 2076
2068 2194
2068 2225
2068 2377
2068 2463
2068 2471
2068 2525
2069 2070
2069 2071
2069 2136
2071 2493
2071 2506
2071 2512
2071 2522
2071 2528
2072 2090
2072 2325
2072 2489
2072 2531
2073 2234
2073 2256
2073 2279
2073 2309
2073 2368
2073 2427
2074 2094
2074 2205
2075 2109
2075 2134
2075 2263
2075 2264
2075 2287
2075 2289
2075 2361
2075 2367
2075 2403
2075 2409
2075 2444
2076 2225
2076 2288
2076 2301
2077 2078
2077 2079
2077 2080
2077 2081
2077 2082
2077 2147
2077 2173
2077 2176
2077 2201
2077 2254
2077 2281
2077 2292
2077 2300
2077 2309
2077 2352
2077 2371
2077 2451
2078 2151
2078 2188
2078 2201
2078 2207
2078 2229
2078 2281
2078 2282
2078 2412
2078 2425
2079 2080
2079 2176
2079 2201
2079 2282
2079 2300
2079 2301
2079 2499
2080 2173
2080 2176
2080 2181
2080 2185
2080 2201
2080 2282
2080 2300
2080 2417
2080 2488
2080 2514
2080 2534
2081 2096
2081 2098
2081 2384
2081 2469
2082 2165
2082 2264
2082 2266
2082 2277
2082 2292
2082 2352
2082 2353
2082 2362
2082 2371
2082 2421
2082 2431
2082 2488
2083 2084
2083 2085
2083 2086
2083 2087
2083 2088
2083 2089
2083 2096
2083 2098
2083 2289
2083 2361
2083 2440
2083 2507
2084 2089
2084 2091
2084 2105
2084 2143
2084 2148
2084 2234
2084 2259
2084 2269
2084 2270
2084 2274
2084 2324
2085 2088
2085 2106
2085 2150
2085 2151
2085 2327
2085 2374
2086 2087
2086 2115
2086 2125
2086 2127
2086 2169
2086 2231
2086 2244
2086 2326
2086 2458
2087 2104
2087 2115
2087 2167
2087 2229
2087 2244
2087 2273
2087 2274
2087 2283
2087 2326
2087 2327
2087 2448
2087 2507
2088 2104
2088 2105
2088 2106
2088 2150
2088 2151
2088 2234
2088 2284
2088 2368
2088 2374
2088 2468
2089 2105
2089 2115
2089 2147
2089 2148
2089 2271
2089 2282
2089 2324
2089 2326
2089 2434
2090 2101
2090 2102
2090 2103
2090 2151
2090 2256
2090 2345
2090 2427
2090 2467
2090 2511
2091 2092
2091 2093
2091 2094
2091 2095
2091 2121
2091 2126
2091 2128
2091 2129
2091 2202
2091 2219
2091 2220
2091 2221
2091 2270
2091 2377
2091 2426
2092 2165
2092 2305
2092 2386
2093 2094
2093 2095
2093 2099
2093 2121
2093 2124
2093 2127
2093 2128
2093 2129
2093 2202
2093 2219
2093 2220
2093 2324
2093 2332
2093 2375
2093 2434
2093 2435
2094 2099
2094 2158
2094 2219
2094 2220
2094 2415
2094 2435
2094 2458
2095 2099
2095 2128
2095 2140
2095 2220
2095 2222
2095 2377
2095 2434
2096 2097
2096 2098
2096 2161
2096 2279
2096 2363
2097 2101
2097 2167
2097 2225
2097 2246
2097 2333
2098 2511
2099 2100
2101 2102
2101 2103
2102 2103
2102 2116
2102 2344
2102 2454
2102 2511
2103 2507
2104 2105
2104 2106
2104 2107
2104 2150
2104 2235
2104 2269
2104 2270
2105 2150
2105 2151
2105 2235
2105 2269
2106 2110
2106 2113
2106 2150
2106 2151
2106 2234
2106 2235
2106 2270
2106 2348
2107 2192
2107 2219
2107 2221
2107 2235
2107 2269
2107 2271
2107 2302
2107 2371
2107 2414
2107 2435
2107 2459
2108 2109
2109 2294
2109 2319
2109 2361
2110 2111
2110 2112
2110 2113
2110 2114
2110 2215
2110 2348
2110 2351
2110 2468
2110 2507
2111 2113
2111 2143
2111 2146
2111 2215
2112 2113
2112 2114
2112 2347
2112 2348
2113 2115
2113 2215
2113 2225
2113 2263
2113 2286
2113 2288
2113 2289
2113 2326
2113 2361
2113 2367
2114 2171
2114 2347
2114 2348
2115 2116
2115 2117
2115 2167
2115 2215
2115 2244
2115 2286
2115 2329
2115 2409
2116 2160
2116 2325
2117 2144
2117 2175
2117 2204
2117 2222
2117 2263
2117 2293
2117 2411
2118 2119
2118 2120
2118 2121
2118 2122
2118 2123
2119 2126
2119 2139
2119 2367
2120 2403
2120 2418
2120 2419
2120 2420
2120 2428
2120 2440
2120 2504
2121 2319
2121 2375
2121 2444
2121 2447
2122 2168
2122 2401
2122 2402
2122 2409
2122 2459
2122 2470
2123 2135
2123 2230
2123 2398
2123 2440
2123 2459
2123 2507
2124 2125
2124 2126
2124 2127
2124 2128
2124 2129
2124 2376
2125 2126
2125 2127
2125 2129
2125 2169
2125 2193
2125 2202
2125 2205
2125 2225
2125 2324
2125 2371
2125 2376
2126 2129
2126 2194
2126 2231
2126 2249
2126 2377
2126 2448
2127 2128
2127 2129
2127 2169
2127 2193
2127 2202
2127 2205
2127 2276
2127 2290
2127 2309
2127 2311
2127 2352
2127 2376
2128 2202
2128 2219
2128 2220
2128 2221
2128 2222
2128 2371
2128 2435
2129 2169
2129 2202
2129 2205
2129 2225
2129 2324
2129 2371
2129 2375
2129 2376
2129 2462
2130 2131
2130 2132
2130 2133
2130 2250
2130 2396
2131 2132
2131 2172
2131 2186
2131 2230
2131 2231
2131 2232
2131 2303
2131 2366
2131 2393
2131 2394
2131 2474
2132 2133
2132 2200
2132 2250
2132 2339
2133 2254
2133 2293
2133 2392
2133 2451
2133 2524
2134 2248
2134 2263
2134 2328
2134 2357
2134 2365
2134 2440
2134 2441
2135 2139
2135 2459
2136 2137
2136 2138
2137 2162
2137 2240
2137 2241
2137 2297
2137 2363
2138 2163
2138 2364
2138 2381
2138 2384
2138 2385
2138 2386
2139 2140
2139 2141
2139 2142
2139 2143
2139 2504
2140 2142
2140 2366
2140 2501
2140 2530
2141 2142
2141 2238
2141 2470
2141 2471
2141 2472
2142 2238
2142 2319
2142 2382
2142 2387
2142 2472
2142 2506
2142 2512
2142 2528
2143 2168
2143 2221
2143 2420
2143 2441
2143 2469
2143 2470
2144 2319
2144 2332
2144 2367
2144 2418
2144 2420
2145 2236
2145 2305
2145 2461
2145 2480
2145 2484
2146 2147
2146 2148
2146 2149
2146 2347
2147 2148
2147 2249
2147 2282
2147 2324
2147 2371
2147 2459
2148 2274
2148 2282
2148 2324
2148 2345
2149 2193
2149 2259
2149 2273
2149 2329
2149 2368
2149 2409
2149 2410
2149 2426
2149 2429
2149 2500
2150 2151
2150 2374
2151 2234
2151 2235
2151 2256
2151 2269
2151 2326
2151 2327
2151 2372
2151 2374
2151 2427
2151 2468
2151 2531
2152 2153
2152 2154
2152 2187
2153 2159
2153 2307
2153 2310
2154 2210
2154 2378
2154 2379
2154 2380
2154 2381
2154 2382
2154 2393
2154 2464
2154 2509
2154 2538
2155 2156
2155 2157
2156 2164
2156 2366
2157 2245
2157 2339
2157 2416
2157 2443
2157 2490
2158 2222
2158 2350
2159 2311
2159 2320
2159 2357
2159 2399
2160 2161
2160 2162
2161 2162
2162 2239
2162 2241
2162 2318
2162 2487
2163 2514
2163 2521
2164 2165
2164 2166
2164 2303
2164 2306
2164 2310
2164 2366
2165 2254
2165 2301
2165 2305
2165 2356
2165 2411
2166 2284
2166 2339
2166 2533
2167 2225
2167 2283
2167 2328
2167 2361
2167 2507
2168 2469
2168 2470
2168 2502
2169 2231
2169 2297
2169 2376
2170 2508
2171 2209
2171 2232
2171 2303
2171 2354
2171 2382
2171 2406
2171 2436
2172 2183
2172 2306
2172 2330
2173 2174
2173 2175
2173 2176
2173 2177
2173 2178
2173 2179
2173 2180
2173 2190
2173 2195
2173 2199
2173 2203
2173 2208
2173 2229
2173 2258
2173 2517
2174 2176
2174 2180
2174 2211
2174 2281
2174 2293
2174 2311
2174 2417
2175 2177
2175 2203
2175 2205
2175 2311
2175 2370
2175 2411
2175 2451
2176 2185
2176 2201
2176 2203
2176 2254
2176 2282
2176 2321
2176 2492
2177 2197
2177 2205
2177 2267
2177 2284
2177 2390
2177 2411
2177 2473
2177 2517
2177 2523
2178 2179
2178 2195
2178 2204
2178 2208
2178 2268
2178 2315
2178 2317
2178 2323
2178 2446
2178 2517
2179 2190
2179 2195
2179 2229
2179 2275
2179 2323
2179 2355
2179 2389
2179 2491
2179 2517
2180 2310
2180 2357
2180 2407
2180 2488
2180 2489
2180 2532
2180 2538
2181 2182
2181 2183
2181 2184
2181 2185
2181 2354
2181 2370
2181 2534
2182 2188
2182 2200
2182 2201
2182 2302
2182 2309
2182 2451
2183 2200
2183 2298
2183 2303
2183 2304
2183 2305
2183 2306
2183 2310
2183 2381
2183 2394
2183 2474
2183 2534
2184 2254
2184 2438
2184 2488
2185 2233
2185 2262
2185 2282
2185 2284
2185 2300
2185 2315
2185 2317
2185 2438
2185 2489
2185 2503
2186 2187
2186 2188
2186 2189
2186 2190
2186 2191
2187 2188
2187 2189
2187 2195
2187 2196
2187 2197
2187 2198
2187 2199
2187 2322
2188 2189
2188 2190
2188 2191
2188 2196
2188 2198
2188 2199
2188 2208
2188 2294
2188 2322
2188 2340
2188 2354
2188 2379
2188 2406
2188 2465
2189 2190
2189 2196
2189 2198
2189 2199
2189 2208
2189 2315
2189 2388
2189 2395
2189 2479
2189 2491
2190 2208
2190 2354
2190 2517
2190 2524
2191 2312
2191 2408
2192 2193
2192 2194
2192 2248
2193 2233
2193 2292
2193 2293
2193 2315
2193 2330
2193 2383
2194 2220
2194 2221
2194 2222
2194 2319
2194 2455
2195 2198
2195 2201
2195 2258
2195 2315
2195 2321
2195 2322
2195 2323
2195 2368
2196 2198
2196 2208
2196 2229
2196 2323
2196 2354
2196 2395
2196 2422
2196 2491
2197 2199
2197 2226
2197 2228
2197 2289
2197 2313
2197 2381
2197 2388
2197 2478
2198 2199
2198 2322
2198 2323
2198 2354
2198 2395
2199 2226
2199 2322
2199 2340
2199 2354
2200 2295
2200 2365
2200 2378
2200 2380
2200 2464
2201 2211
2201 2254
2201 2259
2201 2271
2201 2282
2201 2300
2201 2321
2201 2368
2202 2222
2202 2324
2202 2371
2203 2204
2203 2205
2203 2206
2203 2311
2203 2370
2204 2205
2204 2218
2204 2282
2204 2301
2204 2390
2204 2415
2204 2431
2204 2437
2204 2446
2205 2267
2205 2311
2205 2313
2205 2403
2205 2410
2205 2426
2205 2438
2205 2489
2205 2535
2206 2207
2206 2256
2206 2264
2206 2284
2206 2290
2206 2315
2206 2316
2206 2352
2206 2383
2206 2456
2207 2208
2207 2256
2207 2285
2207 2407
2207 2422
2208 2229
2208 2315
2208 2357
2208 2388
2208 2395
2208 2406
2208 2479
2208 2491
2209 2254
2209 2256
2209 2299
2209 2309
2209 2423
2209 2431
2209 2478
2209 2489
2210 2229
2210 2245
2210 2309
2210 2313
2210 2378
2210 2379
2210 2380
2210 2381
2210 2411
2210 2509
2211 2224
2211 2233
2211 2281
2211 2290
2211 2325
2211 2328
2211 2403
2211 2421
2212 2213
2212 2483
2213 2296
2213 2297
2213 2325
2213 2350
2213 2351
2214 2221
2214 2259
2214 2435
2215 2246
2215 2286
2215 2289
2215 2367
2215 2414
2216 2217
2216 2218
2218 2232
2218 2233
2218 2285
2218 2513
2219 2220
2219 2221
2219 2222
2219 2458
2220 2222
2221 2231
2221 2271
2221 2377
2221 2435
2222 2329
2222 2415
2222 2458
2222 2507
2223 2224
2223 2225
2223 2350
2224 2231
2224 2325
2224 2460
2225 2260
2225 2263
2226 2227
2226 2228
2226 2229
2226 2388
2226 2478
2227 2245
2227 2246
2227 2247
2228 2388
2229 2256
2229 2258
2229 2264
2229 2323
2229 2422
2229 2513
2231 2232
2231 2236
2231 2293
2231 2391
2231 2504
2232 2250
2232 2338
2232 2339
2232 2406
2232 2407
2233 2267
2233 2273
2233 2527
2234 2235
2234 2259
2234 2327
2235 2259
2235 2269
2235 2274
2235 2345
2235 2368
2235 2384
2235 2427
2236 2237
2236 2238
2236 2239
2236 2240
2237 2409
2238 2421
2238 2462
2238 2502
2239 2241
2240 2241
2240 2363
2240 2364
2241 2384
2241 2427
2241 2487
2242 2243
2244 2314
2244 2377
2244 2410
2245 2251
2245 2252
2245 2253
2246 2247
2246 2359
2246 2436
2246 2439
2247 2268
2247 2302
2247 2439
2247 2465
2247 2473
2248 2249
2248 2454
2249 2344
2249 2372
2249 2414
2249 2429
2250 2408
2251 2370
2251 2396
2252 2253
2254 2488
2256 2313
2256 2315
2256 2327
2256 2378
2256 2381
2256 2422
2256 2429
2257 2399
2257 2456
2258 2293
2258 2436
2258 2521
2259 2271
2259 2327
2259 2344
2259 2374
2259 2435
2260 2261
2260 2262
2260 2263
2260 2264
2260 2403
2261 2264
2261 2284
2261 2315
2261 2316
2262 2264
2262 2290
2262 2300
2262 2510
2263 2367
2264 2284
2264 2287
2264 2315
2264 2411
2264 2439
2265 2267
2265 2303
2265 2337
2265 2338
2265 2445
2266 2268
2266 2320
2266 2321
2266 2389
2266 2534
2267 2306
2267 2479
2268 2275
2268 2362
2268 2373
2268 2391
2268 2431
2268 2473
2269 2270
2269 2271
2270 2314
2270 2344
2270 2534
2271 2368
2271 2435
2273 2274
2274 2328
2274 2414
2275 2276
2275 2277
2275 2285
2275 2306
2275 2323
2275 2378
2275 2439
2276 2282
2276 2417
2276 2423
2276 2521
2277 2492
2277 2521
2279 2280
2280 2387
2280 2493
2280 2506
2281 2282
2281 2283
2281 2284
2281 2285
2281 2422
2281 2536
2282 2292
2282 2412
2282 2417
2282 2510
2282 2514
2282 2517
2283 2314
2283 2365
2283 2371
2283 2426
2284 2287
2284 2365
2284 2417
2284 2456
2286 2287
2286 2288
2286 2289
2286 2361
2286 2427
2286 2440
2287 2367
2287 2368
2287 2534
2288 2289
2288 2336
2288 2361
2289 2361
2289 2403
2290 2291
2290 2292
2290 2293
2292 2352
2292 2373
2292 2407
2292 2415
2292 2417
2292 2499
2293 2300
2293 2301
2293 2326
2293 2413
2293 2451
2293 2492
2294 2295
2294 2340
2294 2533
2295 2299
2295 2320
2295 2412
2295 2425
2296 2297
2297 2467
2297 2507
2298 2457
2299 2304
2299 2309
2299 2422
2299 2499
2300 2301
2300 2317
2300 2412
2300 2503
2300 2534
2301 2373
2302 2323
2302 2336
2302 2505
2303 2323
2303 2334
2303 2335
2303 2336
2303 2492
2304 2317
2304 2360
2304 2378
2304 2381
2304 2399
2304 2438
2304 2447
2305 2415
2305 2460
2306 2424
2306 2456
2307 2308
2307 2309
2307 2310
2307 2311
2307 2312
2307 2432
2307 2516
2308 2310
2308 2313
2308 2370
2309 2339
2309 2340
2309 2341
2309 2378
2309 2379
2309 2380
2309 2395
2310 2354
2313 2370
2313 2516
2314 2361
2315 2323
2315 2373
2315 2407
2317 2503
2319 2361
2320 2399
2320 2415
2320 2417
2320 2425
2321 2323
2321 2373
2323 2455
2324 2371
2325 2328
2325 2403
2325 2429
2326 2410
2326 2414
2328 2329
2328 2403
2330 2331
2331 2408
2334 2449
2335 2447
2335 2451
2336 2465
2337 2343
2337 2375
2337 2400
2337 2444
2338 2390
2339 2360
2339 2382
2339 2406
2339 2490
2339 2513
2340 2341
2340 2342
2340 2432
2341 2342
2341 2445
2342 2381
2342 2492
2343 2400
2344 2376
2344 2379
2344 2466
2344 2467
2344 2468
2344 2497
2345 2419
2347 2348
2347 2349
2347 2351
2347 2384
2347 2483
2349 2482
2349 2483
2350 2351
2351 2469
2352 2353
2353 2421
2354 2491
2355 2356
2355 2357
2355 2358
2355 2517
2357 2373
2357 2395
2357 2523
2357 2536
2357 2538
2359 2439
2362 2404
2363 2364
2363 2365
2364 2386
2364 2501
2365 2417
2365 2460
2365 2498
2366 2413
2366 2528
2369 2370
2369 2416
2369 2522
2369 2523
2371 2375
2372 2373
2372 2375
2372 2482
2373 2415
2375 2391
2376 2377
2378 2380
2378 2381
2378 2421
2378 2492
2379 2380
2379 2509
2380 2381
2380 2509
2381 2385
2381 2465
2381 2513
2381 2526
2384 2434
2386 2401
2387 2420
2387 2439
2387 2528
2388 2491
2389 2415
2389 2423
2390 2456
2390 2523
2391 2498
2393 2394
2393 2395
2393 2396
2393 2397
2393 2474
2394 2408
2394 2508
2396 2397
2396 2477
2397 2443
2397 2489
2397 2505
2399 2439
2399 2521
2401 2402
2401 2403
2402 2409
2402 2418
2402 2420
2402 2426
2403 2459
2403 2460
2404 2405
2404 2522
2408 2452
2408 2512
2409 2419
2409 2429
2409 2489
2409 2504
2410 2414
2410 2418
2410 2434
2411 2439
2411 2446
2411 2473
2414 2448
2415 2416
2415 2485
2415 2523
2416 2417
2418 2419
2418 2428
2418 2429
2419 2429
2419 2504
2420 2458
2421 2439
2421 2527
2423 2424
2423 2425
2424 2425
2425 2515
2426 2440
2426 2459
2427 2457
2427 2487
2428 2436
2428 2538
2429 2440
2430 2463
2432 2433
2433 2437
2440 2441
2440 2442
2449 2450
2449 2451
2449 2452
2452 2453
2453 2522
2454 2511
2455 2456
2455 2518
2455 2523
2456 2518
2461 2462
2464 2465
2465 2475
2466 2467
2466 2468
2466 2506
2468 2507
2469 2470
2470 2472
2472 2481
2477 2478
2479 2524
2479 2535
2479 2538
2482 2498
2485 2490
2488 2514
2490 2521
2490 2535
2493 2494
2493 2495
2493 2496
2493 2497
2501 2502
2502 2504
2503 2516
2506 2507
2509 2538
2510 2517
2512 2513
2517 2524
2520 2537
