0 642 138 913 786 20 917 800 34 550 39 937 817 778 463 596 597 214 689 735 619 914 117
1 862 67 586 876 712 297 202 355 492 429 494 461 515 568 35 693 970 88 859 394 62
2 800 225 194 99 196 261 167 233 970 375 556 722 47 849 306 691 755 215 676 975 476
3 97 386 770 388 674 582 263 737 265 450 17 754 899 436 505 852 217 122 315
4 129 260 7 13 142 912 534 922 411 546 155 168 298 391 689 448 839 760 101 230 103 491 248
5 903 271 401 33 804 454 432 183 66 326 456 588 462 85 858 608 357 503 891 636 893 510 255
6 642 963 612 486 233 46 273 985 659 622 535 889 90 253 693
7 624 859 453 880 423 297 74 556 685 48 947 278 539 477 833 383
8 643 389 776 795 924 681 967 561 952 954 188 575 455 329 461 978 83 859 221 865 612 870 359 880 370 979 760 764
9 54 519 489 650 999 889 957 399 211 116 469 214 471 724 893 991
10 192 737 877 807 586 779 717 718 845 48 404 981 375 409 730 752
11 777 652 914 601 409 667 33 166 690 438 701 707 929 268 589 974 721 724 87 729 219 736 741 361 880 113 883
12 515 902 631 18 275 916 538 159 289 549 430 828 579 710 839 119 80 465 852 933 867 102 487 617 874 103 375 377
13 129 904 578 787 280 772 163 685 814 431 306 563 692 188 194 198 841 435 846 981 706 476 609 381 819
14 256 449 514 571 486 481 137 691 603 236 813 46 208 179 405 858 251 444 752
15 388 645 904 922 879 413 51 568 450 889 56 466 87 355 102 103 745 362 108 722 239 626 761 380 127
16 357 968 811 114 83 536 92 93 607
17 225 100 965 457 988 493 78 845 432 131 884 374 440 676 282 975 828 947
18 848 944 644 646 680 490 747 44 989 592 753 690 840 937 793 699 156 906 350
19 898 395 276 795 157 30 175 311 186 700 968 459 592 465 355 340 91 94 482 611 743 483 629 122 636 254
20 769 524 527 785 276 24 927 417 817 170 305 829 962 840 848 722 596 344 221 233 879 371
21 576 961 674 454 327 200 75 716 430 719 944 497 658 469 438 986 558 743 574 127
22 384 299 520 784 913 921 155 285 162 35 807 683 300 175 817 189 318 960 583 725 982 494 445 496 638
23 128 514 646 782 149 919 411 287 673 549 431 817 960 329 209 82 249 728 91 739 360 618 625 889
24 134 652 787 918 33 550 296 819 181 950 570 957 961 203 460 915 974 336 337 603 476 93 94 351 864 610 871 495 371 888
25 512 516 966 422 941 265 458 365 910 461 881 957 564 405 998 980 282 383 954 894 415
26 265 654 530 277 794 549 937 691 564 456 715 974 337 724 598 736 226 997 106 619 381 507 893
27 271 401 916 149 30 802 454 550 942 50 884 446 831 451 70 844 717 207 209 595 853 727 476 607 610 995 100 357 492 116 892 981
28 513 130 963 420 582 305 361 138 738 206 81 373 215 409 575 348 350 543
29 96 801 763 164 422 390 502 682 523 851 207 208 561 755 308 911 150 280 346 623 378
30 129 142 402 788 547 676 426 562 181 825 315 573 437 705 842 721 57 732 745 115
31 897 289 419 870 455 329 599 460 493 718 369 771 85 215 89 410 799
32 385 771 132 775 267 141 527 400 786 899 405 920 260 932 678 180 578 456 599 715 209 84 213 727 480 806 625 498 891
33 266 750 670 550 937 690 951 59 319 320 577 66 453 72 842 589 343 603 480 743 360 622 880 232 894
34 525 195 676 934 72 234 363 411 622 175 529 323 578 152 378 367 92 638
35 164 870 326 839 297 650 555 590 815 970 561 277 569 313 570 509 862
36 544 609 355 741 641 574 233 266 204 302 175 309 470 265 79 190 693
37 992 641 802 899 196 673 40 233 170 331 908 717 760 571 828 266 318 863
38 708 134 337 680 521 490 299 268 333 366 280 501 216 956 218 731 732 829 725
39 322 740 454 775 745 554 967 206 944 690 692 182 311 793 986 827 444 778 670 575
40 772 660 536 153 413 158 676 680 560 438 571 828 835 452 718 213 218 475 739 236 367 766
41 160 763 905 778 619 858 878 79 659 820 341 666 59 810 638
42 289 602 709 136 297 650 395 632 925 304 273 790 724 118 983 344 964 538 315 285 287
43 929 710 860 201 875 476 240 529 372 86 791 506 955 188
44 64 449 514 765 900 665 810 269 495 528 947 565 631 312 505 975 189 754 735
45 833 67 324 389 401 812 555 236 397 312 579 798 630 439 120 762 572 989 350 485
46 771 143 528 916 789 543 161 811 817 58 828 580 198 417 586 207 863 873 748 243 507
47 99 812 517 682 780 618 331 268 685 726 775 427 757 789 501 182 771 607 61 491
48 640 161 643 612 710 134 584 75 880 466 843 885 967 891 123 990 933
49 130 515 102 593 776 267 972 322 909 720 305 818 903 185 698 667
50 261 390 264 530 409 154 421 860 811 565 438 58 446 192 712 843 774 345 604 734 618 112 754 373 250 767
51 544 571 942 327 552 826 812 302 494 983 889 249 730 187 606 765 222
52 66 643 260 741 454 909 207 774 467 836 344 740 571 719 731
53 641 899 133 262 139 268 657 148 407 154 672 811 940 56 569 574 885 963 837 454 972 340 216 477 224 995 101 362 364 190 980 894
54 129 767 774 422 967 906 812 562 114 246 730 444 252 972 126 383
55 923 275 745 846 79 336 371 692 969 986 443 445 862 543
56 774 524 789 286 176 553 301 432 181 950 832 74 332 466 467 477 223 614 489 638
57 192 68 168 617 887 113 723 979 661 950 681 856 441 154
58 129 875 645 134 519 266 153 283 925 416 546 946 687 186 829 971 584 970 203 725 347 734 865 994 490 747 365 111 890 381
59 644 294 134 582 461 954 81 850 435 662 215 569 442 733 287
60 579 452 709 550 103 137 334 889 764 562 981 169 313 314 985 124 346 601
61 256 408 414 800 291 932 805 940 825 64 967 844 333 476 605 862 224 487 506 763 254
62 768 994 504 614 65 201 455 108 814 989 177 942 376 998 705 987 858 158 959
63 368 977 100 583 362 811 524 525 112 721 274 952 182 279 312 826 379 799
64 928 417 131 651 934 551 681 299 818 93 305 498 841 792 319
65 672 528 930 836 422 136 681 202 876 173 333 336 82 213 118
66 640 960 262 903 904 778 665 261 576 963 118 70 545 853 856 374 235 748 621 502 120 637
67 645 135 392 834 144 274 532 985 794 286 298 959 322 72 888 722 217 860 93 485 224 229 742 617 752 894 248 766
68 704 779 780 164 427 174 694 320 579 329 844 845 719 339 215 862 485 870 743 504 894
69 368 546 964 549 518 646 587 429 398 304 465 243 212 174 919 760 578 602 574
70 484 649 842 847 108 782 751 368 913 274 217 570 732 254
71 513 514 195 261 486 520 518 300 890 846 440 145 902 88 410 220 797 837
72 836 136 973 535 722 792 943 433 498 403 566 215 631 875 475
73 257 219 683 295 688 567 895 686 879 304 728 609 935 182 279 664 345 187 944 475 863
74 98 451 709 168 394 728 834 174 856 720 552 859 117 822 633 571 444 318 725
75 903 904 784 273 407 539 160 944 421 310 311 697 449 202 724 633 107 366 627 889 508 127
76 590 542 964 389 169 106 301 398 445 765 337 690 318 693 153 218 124 189 254 677
77 420 907 717 985 180 439 729 891 798
78 495 423 233 588 206 367 180 439 153 411 889 126
79 384 516 261 138 143 917 283 368 475 441 572 201 469 474 603 880 497 633 763 892 638
80 192 669 835 529 456 875 333 349 209 82 979 820 921 218 737 541 93 574 991
81 256 258 267 909 662 797 542 166 943 184 317 467 212 889 88 473 218 348 223 743 363 497 377
82 598 545 683 786 758 561 400 340 935 150 673 625 859 850 861 830 127
83 288 513 322 891 196 864 905 109 509 884 278 792 676 667 381 671
84 138 142 533 937 814 432 177 563 822 829 710 967 200 591 217 607 355 870 240 626 122 766 255
85 640 994 715 900 747 617 395 428 759 464 119 536 697 570 907
86 931 804 521 266 652 946 878 239 272 113 889 500 820 824 345 431 764 778
87 132 773 525 657 147 928 169 943 688 956 703 837 493 202 527 109 495 369 371 638
88 129 683 528 153 670 172 322 580 965 455 328 483 357 999 233 498 371 374 361 760 505 639
89 261 518 138 781 273 537 283 412 913 731 421 551 557 814 303 186 318 324 333 209 340 216 91 677 231 117 892
90 128 393 418 561 776 233 268 369 147 625 597 329 660
91 512 897 514 676 822 742 231 428 816 850 886 630 858 444 125 543
92 448 592 163 164 677 678 807 168 588 524 594 622 717 177 306 675 803 817 962
93 960 386 515 772 961 137 523 911 791 540 424 179 449 590 726 215 267 475 606 483 491 493 118 887
94 194 707 326 134 262 817 361 398 408 805 677 443 316 607
95 97 387 295 202 881 483 762 867 828 986 223
96 830 262 586 363 844 189 879 849 370 405 349 191 606 190 319
97 768 900 470 903 523 669 965 291 164 552 173 983 305 182 446 325 337 210 214 343 600 603 977 360 233 594 879 496 232 376
98 739 171 813 911 112 370 947 277 726 375 504 761 794 539 188
99 129 259 786 918 407 431 812 184 959 452 463 210 855 985 990 479 507 102 365 244 757 377 123
100 128 800 630 614 523 780 686 882 750 479 472 733 191
101 355 870 968 233 266 907 652 589 434 628 790 471 860 733 542 181
102 528 985 286 799 424 171 558 567 628 710 271 868 527 612 487 500 248 507
103 642 647 907 913 403 927 801 418 560 440 446 319 588 802 590 853 860 868 252
104 653 528 139 486 422 616 235 173 398 367 112 817 562 387 116 440 698 155
105 128 160 932 901 646 513 616 425 663 695 496 872 595 659 723 609 884 922 190 255
106 965 262 424 812 107 562 820 117 726 884 891 349 798
107 384 385 131 902 527 148 288 825 316 702 456 976 465 597 471 608 358 721 751 114
108 162 131 292 934 298 110 432 913 163 309 662 473 346 381 686
109 384 963 612 968 520 302 303 689 242 724 494 950 279 986 413
110 672 854 435 622 595 933 758 503 665 379 894 191
111 352 801 355 960 646 134 967 429 462 464 771 734
112 897 777 908 914 407 369 554 221 833 578 195 711 330 204 205 472 477 224 997 614 999 619 492 366 880 625
113 770 647 274 835 789 278 408 289 423 937 689 715 203 588 851 603 323 610 741 234 907 621
114 192 592 896 797 615 877 719 467 535 631 189
115 766 738 570 844 492 396 370 270 528 968 210 898 366 745 505 218 251 636 413 255
116 128 640 130 653 142 911 277 284 947 926 435 308 695 186 323 978 222 737 751 241 250 124
117 642 134 307 539 925 809 429 563 696 827 190 587 332 589 339 215 602 863 484 997 360
118 514 619 132 982 520 402 155 547 809 177 952 576 721 470 235 884 886 631 382 127
119 640 294 808 220 810 686 951 441 701 446 577 578 326 468 860 863 868 615 620 758
120 645 523 927 684 562 458 205 720 725 854 855 475 226 618 236 497 374 690 889 636 767
121 831 929 547 708 518 295 936 873 619 653 401 771 757 730 443 796 767
122 776 267 527 919 545 424 938 687 372 703 961 195 801 976 469 862 486 235 756 633 251
123 653 400 354 842 843 300 642 399 433 496 970 345 943 252 765 158
124 320 992 387 197 327 412 391 594 398 758 210 995 214 345 987 882
125 441 357 774 977 823 974 496 184 855 887 638 921 407 152 153 965 572 318 485
126 160 227 484 773 391 412 935 871 590 496 370 259 174 535 252 797 702 799
127 160 608 642 406 744 813 883 663 828 285 213
128 524 525 536 792 965 805 551 810 565 311 316 574 447 449 325 851 244 889 319
129 390 144 161 419 680 939 304 368 948 181 960 875 748 240 242 893
130 496 489 580 877 297 970 461 654 669 240 882 309 661 247 349 191
131 385 955 387 516 773 209 269 398 685 879 818 983 439 792 719 862
132 768 912 781 582 615 985 233 397 685 336 786 472 761 314 315
133 962 325 597 488 618 523 366 530 341 470 345 794 892 701 254
134 768 266 657 751 547 679 943 822 956 830 966 208 854 350
135 864 194 516 903 883 503 483 397 463 851 467 692 437 215 730 493 525 637
136 484 299 461 496 946 371 501 726 919 344 314 283 170 831
137 788 917 409 414 550 554 695 312 970 207 336 214 347 989 991 232 364 367 872 810
138 654 529 163 167 173 180 950 575 838 712 589 472 988 488 423 506 382
139 448 353 515 277 358 935 650 493 591 342 184 763 414 351
140 512 707 325 486 167 968 583 551 236 909 751 856 561 771 564 407 615 692 347 995 223
141 545 354 803 996 774 297 858 269 922 637 496 849 499 628 794 571 156 253 351
142 392 399 529 791 668 820 184 577 710 842 846 463 593 339 856 987 613 618 383
143 418 515 886 231 712 753 811 907 674 369 305 534 535 155 967 927
144 903 392 653 531 918 422 679 686 818 693 828 573 587 340 726 351 166 745 750 623 626 500 763 766
145 896 834 195 968 649 299 525 465 899 276 158 599 573 318
146 677 775 970 594 269 752 370 435 185 762 542 965
147 192 322 747 486 231 617 491 428 354 855 563 213 438 706 282 914 853
148 768 417 263 680 394 373 375 316
149 545 792 296 623 970 971 712 809 398 303 209 694 184 477 319
150 923 911 744 620 394 236 658 932 445 776 789 629 872 855 884 282 667 444 223
151 864 705 259 646 521 431 305 547 436 990 787 665 284 413 254
152 652 781 795 297 690 443 995 704 197 524 207 483 855 728 857 591 608 355 356 997 681 762
153 897 528 406 157 930 546 422 285 181 190 589 214 219 871 235 367 373 374 381 638
154 608 506 603 443 609 328 683 658 910 511 216 218 159 474 542 181
155 515 389 160 812 305 946 823 696 288 707 836 330 739 340 928 871 501
156 256 274 345 410 667 287 299 658 951 186 445 193 194 453 969 848 473 861 618 748 753
157 258 263 265 286 709 807 170 968 819 960 323 196 197 584 969 595 729 987 989 608 737 369 242 372
158 544 960 355 164 201 748 205 701 208 212 374 948 508 541
159 258 833 266 398 787 409 428 173 950 952 185 577 971 339 602 604 609 356 997 232 376 893
160 644 652 919 408 796 804 551 938 685 568 569 580 454 972 723 858 229 487 237 506
161 263 619 678 262 231 776 586 235 239 931 633 442 443
162 801 994 891 900 950 456 778 204 815 531 850 339 984 794 827 572
163 768 386 776 265 524 535 408 184 451 196 837 967 465 212 856 863 245 247 468
164 541 709 839 649 713 331 205 746 269 580 708 569 356 795 991
165 261 392 915 917 406 171 941 819 183 479 957 578 326 455 842 591 983 857 735 995 238 889
166 902 911 879 168 940 557 308 436 581 199 845 859 481 611 489 618 877 751 249 380
167 864 707 228 459 258 271 371 660 629 345 504 249 410 924 798 995
168 899 518 776 778 277 932 299 942 178 819 952 827 714 191 448 578 328 329 210 732 996 741 616 235 623 789
169 713 838 421 486 487 860 567 394 363 654 368 531 500 437 215 966 634 447
170 289 418 545 873 522 680 424 402 499 691 760 697 826 507 444 958 191
171 675 941 682 582 546 398 813 593 821 430 662 215 505 700 972 382 789
172 640 737 771 453 769 520 235 685 590 975 240 888 530 596 758 569 724 987 828
173 768 619 393 934 411 673 294 937 564 824 826 315 700 317 959 585 864 229 871 235
174 864 193 419 353 235 517 525 752 274 643 405 414 599 917 765 287
175 995 486 491 492 290 589 752 209 722 469 602 542
176 864 193 706 803 453 353 649 425 568 545 950 279 817
177 260 664 538 411 421 810 302 945 442 832 709 455 590 596 341 343 985 479 608 233 212 378
178 880 707 516 773 297 810 622 752 369 534 252 957 894
179 673 582 743 296 938 205 781 307 814 314 853
180 897 387 645 656 529 789 279 294 298 557 966 865 459 332 589 209 725 344 784 227 356 746 625 639
181 517 526 659 676 695 826 247 977 850 727 602 731 485 229 996 876 366 623 631 250
182 832 875 485 488 234 203 992 403 436 393 824 857 506 412
183 704 656 675 228 230 827 780 991 814 496 722 308 885 406 475 924
184 781 406 917 665 800 680 686 606 956 835 202 734 991 864 866 996 231 251 637 405
185 770 520 778 523 532 791 284 925 542 416 942 818 692 822 702 715 980 855 728 609 354 622 373 632 765
186 512 770 407 665 294 426 689 311 955 191 716 980 487 876 493 880 883 379 894
187 192 384 612 358 267 786 464 595 244 918 436 570 380 895
188 291 778 942 496 419 692 310 727 831 639
189 915 663 695 312 314 705 886 331 716 848 853 346 491 493 242 246 637
190 256 774 912 798 569 445 963 841 972 466 981 476 230 370 629 888
191 519 898 919 415 417 934 688 435 577 603 481 870 360 629 888 511
192 772 283 803 815 688 566 571 450 205 341 727 216 857 732 997 362 367
193 863 323 260 231 616 572 459 967 590 246 964 346 379 703
194 800 835 292 892 906 782 462 589 368 530 437 772 503 510 571
195 352 609 993 453 848 680 206 527 852 462 982 885 894 816
196 652 271 273 407 667 453 943 565 803 444 448 705 325 967 923 462 730 999 366 628 758 379 255
197 449 930 419 886 710 937 330 954 221 211 532 662 413 218 607
198 976 835 996 822 486 199 488 361 267 461 688 596 789 246 457 692 463 670
199 768 831 962 708 454 903 393 745 365 789 439 795 829
200 718 513 994 996 872 649 330 684 206 626 824 985 991 478 959
201 264 277 664 547 425 825 828 447 977 852 854 855 992 356 572 237 494 239 886 254
202 327 868 423 522 205 922 781 778 820 834 282 831 380 605
203 650 786 283 938 556 906 482 463 721 851 212 982 349 993 226 744 745 370 554 255
204 448 667 776 810 717 590 399 749 338 915 918 697 571 926
205 792 409 282 947 555 822 756 836 851 615 232 489 750 211 244 757
206 519 397 557 273 323 539 671 903 300 434 818 692 952 825 463 599 232 234 876
207 864 418 634 424 906 333 221 721 950 297 570 574 287
208 257 388 677 263 584 489 874 823 793 401 241 500 398 535 708 820
209 517 272 275 424 810 310 823 824 826 980 215 241 885 888
210 290 326 423 700 554 492 642 879 466 340 985 628 851 829
211 640 385 484 880 775 234 844 750 548 528 246 361 440 345 667 490 415
212 706 804 648 679 910 335 819 884 942 503 916 835 735 325
213 777 919 291 933 935 312 954 571 735 575 710 716 978 800 357 616 850
214 643 524 788 278 675 678 497 296 574 320 327 591 337 341 603 753 890
215 386 526 530 275 806 945 310 440 444 323 326 336 596 860 593 451 241 373 886
216 291 683 521 299 908 336 664 370 771 276 951 408 859 924 634 863
217 256 913 274 403 664 411 670 554 558 431 821 698 444 834 979 341 218 347 622 367 881 882 760 251 380 766
218 900 519 524 283 298 555 562 326 327 586 729 992 739 361 875 237 625
219 772 531 283 669 286 427 686 563 700 907 324 838 585 458 716 726 956 361 636 255
220 675 838 360 779 843 631 624 594 403 952 602 925 702
221 672 225 820 932 487 903 526 488 928 759 665 538 933
222 768 901 646 519 786 536 410 926 944 420 816 286 310 956 831 331 839 587 347 481 382
223 258 899 772 777 284 674 547 420 681 826 457 842 593 601 570 480 490 881 626
224 484 839 297 843 567 419 275 329 772 763 703
225 868 634 497 840 841 498 445 752 378 594 309 374 920 473 250 827 621 597
226 832 977 570 942 873 494 912 728 434 691 724 725 413
227 256 264 914 921 282 667 543 624 553 940 302 815 561 951 308 316 579 965 348 996 752 501 809 510
228 417 322 395 487 517 422 586 375 695 910 655 240 273 822 469 246 795 945 287
229 897 900 909 404 661 540 925 542 289 551 812 818 801 841 333 848 339 596 604 482 493 366 370 888 980 891
230 390 904 906 532 536 282 932 553 813 584 451 966 327 456 330 470 855 611 377
231 386 524 660 790 792 925 552 556 557 690 441 318 453 470 482 492 936 373
232 354 291 827 894 844 268 797 305 514 867 590 722 251 492 702
233 555 922 346 299 317 446 451 993 456 978 339 596 981 344 478 489 829
234 675 910 243 652 939 460 749 369 531 888 494 696 815 381 637
235 897 386 387 523 783 283 924 797 421 424 681 426 428 305 694 583 592 615 238 757 887 764
236 769 424 838 390 561 585 458 369 498 245 506 540 972
237 577 484 421 520 727 492 654 777 980 535 383 669 318 415
238 867 548 550 424 535 813 921 872 821 311 249 988 253
239 827 868 790 360 394 364 816 529 818 629 399 893
240 265 539 670 952 826 707 453 713 348 610 998 617 366 880 371 254
241 609 258 651 836 657 555 652 733 947 827 700 669 830 703
242 384 630 325 711 907 967 721 754 435 470 887 883 704 914
243 352 458 834 707 838 555 754 366 245 534 824 252 426 709
244 512 674 292 645 539 584 778 715 272 419 869 528 560 473 605 574 415
245 259 659 278 536 924 285 926 671 419 678 308 312 706 452 611 621 881 500 377
246 608 717 933 519 493 525 563 277 868 344 281 668 830 661
247 260 358 262 828 733 492 270 669 466 883 756 344 847 603 668 573 869
248 545 326 785 904 486 813 271 561 723 565 598 887 801 382
249 448 577 995 422 883 682 395 918 978 310 423 635 893 414
250 650 524 910 792 291 420 805 423 558 948 372 575 322 963 481 333 979 548 858 476 611 765
251 506 922 984 801 432 305 434 659 565 822 752 445
252 516 398 941 660 923 685 821 313 446 565 706 483 910 611 621 752 958 506 379 255
253 960 643 644 358 487 948 855 524 404 805 886 279 628 708 603 549
254 704 387 519 407 558 817 931 629 667 670 645
255 390 666 426 427 559 735 326 458 331 728 602 607 752 626
256 898 262 396 653 551 808 303 952 444 709 886 971 343 347 990 935 753 629 502 635 765
257 672 962 610 682 555 652 461 401 434 981 758 311 987 286
258 386 392 642 789 409 676 576 324 581 717 470 737 482 998 615 872 405
259 832 936 292 920 617 714 439 620 498 881 338 371 568 900 795 892 831
260 418 483 741 482 366 528 338 821 822 722 532 924
261 835 648 714 647 936 697 346 767 446 517
262 515 450 784 403 534 921 284 937 686 687 820 568 442 851 725 726 363 624 502 377 767 639
263 854 742 833 395 716 435 558 814 656 339 501 470 442 603 508 415
264 544 578 967 770 366 752 755 436 437 342 873 984 558 668 669 766
265 640 412 682 303 949 442 956 969 719 848 722 989 492 372 509
266 928 993 791 524 879 887 695
267 900 399 531 405 409 292 549 934 681 305 562 442 318 969 783 995 494 885 886 377 507 511
268 960 802 387 549 487 650 955 464 308 278 901 411 637 511
269 384 389 776 780 409 922 284 543 546 803 550 552 939 303 584 802 335 341 472 860 502 510
270 387 584 553 971 469 950 953
271 913 517 544 681 938 939 439 453 712 462 850 851 596 363 883 374 633 380
272 832 705 977 451 484 519 936 380 621 841 867 958 278 471 756 347 348 542
273 513 807 555 684 565 694 437 331 593 982 343 352 481 738 874 891
274 672 673 796 677 583 712 748 779 396 333 461 982 535
275 649 653 656 404 919 665 545 809 950 608 837 458 333 987 605 916 379
276 784 450 643 937 302 824 400 974 951 569 827
277 290 418 305 754 856 834 954 318
278 684 665 541 670 757 678 682 300 693 439 827 444 574 447 705 581 844 849 729 483 619 758 637
279 816 945 424 842 780 654 488 722 595 734 664 692 282 572 318
280 512 450 740 721 426 908 622 943 337 978 284 898
281 320 544 547 801 872 681 490 669 338 899 310 567 984 313 602 931 509 863
282 389 649 533 547 406 426 697 575 329 981 477 606 354 509 752 787 376 637
283 321 710 935 372 396 688 337 416 285 576 927
284 737 674 291 709 487 951 898 504 442 929 510
285 609 457 419 644 657 297 559 505 433 995 425 376 730
286 901 391 778 670 304 306 564 949 567 317 319 735 867 367 756
287 993 375 646 294 311 332 499 757 677
288 783 411 549 550 493 759 593 372 407 901
289 929 603 443 644 465 714 843 533 298 926
290 893 753 665 521 942 823 428 334 303 497 511 342 471 940 569 808 469
291 480 797 966 349 336 690 595 820 512 891 926 895
292 481 683 710 971 726 694 729 728 340 761
293 544 642 987 580 997 330 399 436 693 918 539 959
294 653 887 536 965 421 808 303 309 694 311 952 308 949 438 966 823 716 717 846 825 570 357 759
295 736 773 870 775 715 825 431 304 953 339 894 559 703 510 415
296 992 676 886 328 971 499 624 520 596 916 540 383
297 786 797 942 575 718 981 470 727 986 358 621 366 881 498 632
298 519 528 451 537 539 925 928 418 948 958 787 862 737 875 755 884
299 571 440 521 933 997 635 592 402 503 925 318 731
300 831 802 502 489 961 973 850 309 999 313 526 613
301 388 965 564 345 764 703
302 416 769 488 491 560 562 851 760 729 538
303 656 963 964 582 961 967 304 658 467 340 408 571 765
304 773 525 793 389 937 561 901 834 583 397 464 952 862 864 423 879 755 508
305 389 539 549 555 453 968 717 378 892
306 800 976 993 776 842 907 781 528 563 468 373 666 893 821
307 627 641 994 709 427 402 336 338 534 635 701 501
308 424 457 874 525 782 752 568 675 312 794 915 446
309 832 995 806 417 618 834 877 920 690 393 332 943 671
310 433 956 718 887 660 670
311 512 796 428 433 818 948 697 702 578 454 977 482 743
312 899 904 906 787 415 675 680 825 315 973 736 482 870 630 889
313 352 608 748 999 648 618 779 969 419 841 696 506 883
314 674 675 618 780 717 760 435 664 835
315 902 778 651 910 429 784 538 676 875 433 969 863 864 995 747 762 767
316 692 386 580 939 922 563 341 566 473 442 479 570 405
317 547 324 683 420 632 500 361 631 356 348
318 641 790 646 784 691 702 582 461 597 351 363
319 826 765 595 596 694 542 476 682 543
320 747 997 321 425 679 988 589 513 609
321 768 866 612 881 996 927 493 785 914 819 629 598 868 540 733 693
322 385 578 456 361 826 907 692 827 956 666 868
323 901 941 973 473 959
324 416 768 443 790 390 827 361 780 654 595 846 566 890 380 998 930
325 769 911 773 818 567 327 591 467 862 869 380 877 624 737 892
326 643 399 602 809 559 850 957 837 457 334 471 736 484 875 493 497 501 511
327 675 958 968 587 432 628 856 394 766
328 672 706 515 520 370 915 756 726 919 542 799
329 898 779 581 651 364 493 889 936 677 696 772 799 933
330 945 834 580 422 529 370 383 725 836 965 990
331 771 782 527 993 664 411 811 705 711 461 719 337 728 609 873 495 499 628 381
332 963 356 966 926 359 648 679 364 922 479 999 473 378 924 349 410
333 519 521 921 409 547 817 580 595 727 475 719 608 356 630 635
334 961 422 424 924 834 588 813 838 565 920 761 923 994
335 363 516 903 396 653 527 671 814 567 955 700 831 577 963 452 969 470 997 488 745 619 876 750
336 394 782 783 984 802 421 938 830 579 453 931 342 604 993 616 881 506
337 515 389 530 517 807 680 688 946 824 953 415 832 833 578 597 610 625 889 378 763 380
338 641 631 857 815 855 531 601 835 575
339 388 532 940 558 693 572 464 398 885 735 998 363 749 757 631
340 896 648 410 495 796 672 937 430 688 883 825 827 588 994 611 490 623 880 787
341 617 926 439 606
342 777 535 537 797 414 417 811 669 696 448 577 451 583 470 727 608 995 615 363 374
343 896 611 878 358 937 871 845 430 481 660 830 474 799 540 734 671
344 771 390 657 405 534 407 666 552 565 970 717 718 595 984 892 639
345 902 779 660 662 669 805 668 811 450 456 588 468 725 729 610 744 752 872 375
346 802 836 422 747 493 628 789 809 920 884
347 843 812 807 648 745 849 722 723 534 727 701
348 512 673 508 397 655 752 515 853 982 536 849
349 859 901 971 620 354 718 946 771 809 896 363 765
350 770 784 538 678 573 711 841 375 593 995 859 860 862 611 880 759 376 893
351 352 480 901 550 684 847 465 436 926 793 788 383
352 640 783 452 453 966 977 808 621 466 660 761 901 410 763 764
353 420 360 362 783 552 498 600 697 506 618
354 640 418 355 870 809 989 723 624 986 404 597 374
355 644 777 522 677 433 439 696 959 973 605 882 635
356 800 770 611 838 462 848 921 852 607
357 946 891 658 590 693 562 538 604 597
358 384 800 925 748 834 559 496 721 675 739 533 790 995
359 966 391 620 977 626 694 663 793 731 478
360 803 524 497 978 979 607 399
361 491 711 616 762 750 470 777
362 834 928 862 549 807 649 618 961 556 866 914 982 472 383 764 414
363 768 899 901 883 714 622 656 501
364 896 709 903 456 393 876 470 542 773
365 704 481 459 558 367 434 531 935 950 495 865 538 607
366 647 953 885 577 755 858 415
367 769 389 787 404 407 419 943 883 953 703 712 969 843 674 931 846 863 484 623 754 627 511
368 480 643 744 523 995 675 512 665 858 783 741
369 962 674 662 525 817 566 792
370 775 653 543 421 426 833 570 449 583 972 885 895
371 800 420 950 934 920 941 463 658 918 761 495 828
372 987 454 935 648 954 890 593 662 984 569
373 549 425 391 852
374 630 657 825 498 756 571 671 817 447
375 755 893 396 687 721 466 403 566 697 764 797
376 391 655 795 544 934 425 682 559 560 957 973 975 720 853 854 477 866 488 753 508 893
377 418 452 871 584 685 675 788 407 680 999 861 894 693
378 768 530 534 539 821 438 825 453 584 850 860 991 613 755 500 501
379 738 959 680 683 524 399 558 918 767
380 647 908 540 545 827 957 961 972 722 604 861 627 635
381 897 695 397 496 791 754 629 438 633 952 431 639
382 992 490 579 484 747 393 477 817 789 580 602 458
383 384 641 802 942 962 636 797 593 786 782 817 476
384 576 857 808 714 402 633 468 538 882 702
385 391 808 649 554 717 977 466 903 790 634 839 573
386 393 655 915 789 423 681 875 436 831 595 730 608 485 495 889
387 667 805 967 521 686 909 558 981 574
388 896 737 770 612 885 521 622 689 596 725 617 984 441 559 958 816
389 977 390 584 494 918 569 542
390 705 583 932 779 708 634 858
391 576 677 860 841 583 826 641 474 698 805
392 616 939 867 757 502 953 665 635 899 701
393 708 843 525 848 760 690 403 903 631 706 967 540 893
394 739 665 812 953 752 947 407 500 538 669
395 729 483 549 811 652 941 503 984 668 445 837
396 911 458 663 850 622 692 750 778
397 624 771 712 636 589 936 722 937 759 537 900
398 642 531 404 668 928 547 808 432 820 565 567 451 477 742 490 496 886 888 618 895
399 531 921 797 802 432 945 692 706 849 995 883 636 637
400 642 911 549 618 523 813 687 432 945 755 824 819 735
401 512 514 803 647 778 498 720
402 514 843 870 723 852 629 963 856 794 797
403 864 835 470 681 624 712 978 922 989
404 929 594 829
405 521 432 949 951 825 835 910 603 486 620 880 639
406 768 555 676 454 535 428 998
407 734 740 840 620 939 676 732
408 905 651 840 660 925 798 561 690 446 523 584 842 587 588 464 595 738 748 879
409 775 545 943 444 447 708 715 460 725 991 741 881 891
410 676 655 754 798 696 804 442 507
411 769 518 648 905 561 948 698 452 586 972 982 740 620 623 500
412 636 578 919 775 456 587 588 717 911 500 833 952 762 575 829 543
413 641 917 423 563 565 951 445 704 452 463 470 728 730 735 619 751 499 893
414 523 914 814 927 929 549 693 708 969 985 736 866 739 620 499 886 507
415 514 875 926 490 720 594 686 538 883 542
416 635 634 939 530 948 565 950 537 764 474
417 750 515 775 908 844 506 831 730
418 662 925 564 439 699 711 460 598 474 860 498 628 760
419 900 520 531 664 921 495 687 695 849 982 983 721 877
420 555 849 980 629 505 831
421 899 901 792 931 817 949 696 444 709 711 970 846 980 469 598 983 848 610 757 510
422 704 505 634 614 837 434 595 800 607
423 521 781 914 919 538 807 683 943 822 827 991 500
424 646 540 934 826 701 452 462 478 607 996
425 664 671 987 432 434 438 568 968 714 978 724 731 479 612 871 758
426 544 896 898 897 711 879 921 532 758 919 543 475
427 672 642 518 999 524 497 724 447 441 442 572
428 553 678 648 457 522 461 997 592 985
429 904 528 918 791 932 562 434 436 952 444 830 466 602 860 612 500 767
430 763 932 901 648 895 690 793 699 767
431 773 654 792 982 548 812 433 952 569 867 730 478 881 883 763
432 577 782 536 583 726 592 980 477 949
433 800 801 603 689 752 547 755 771 538 899
434 879 893 499 974 701
435 448 482 579 924 603 876 755 534 915 508 538
436 654 835 662 672 810 687 577 579 717 849 994 485 504 893
437 480 833 907 549 619 873 847 757 727 634 700 927
438 782 969 487 490 858 498 519 496 690 585 802
439 523 914 538 547 676 552 813 946 505 866 881 629 633
440 768 516 901 819 924
441 845 968 647 717 602 943 638
442 642 789 836 670 549 934 833 579 452 975 593 607 740 486 624 764
443 514 742 623 754 661 847 732 541
444 755 788
445 640 908 543 817 946 948 824 706 451 592 606 867 487 493 624
446 513 522 537 792 665 667 543 803 679 949 731 511 639
447 674 772 616 493 462 657 590 782 959 869
448 768 706 581 521 906 612 466 605 542
449 736 802 579 839 748 657 835 950 471 536 826 931
450 928 804 684 635 497 662 507
451 912 841 682 653 882 526 668
452 640 914 661 538 939 562 843 845 724 808 500 503
453 900 918 676 947 695 736 710 823 980 548 479 592 630 892
454 707 926 779 524 581 559 758 793 542
455 833 674 803 870 871 969 999 655 499 919 975
456 748 519 797 757 822 950 760 701 556
457 847 829 499 791 511 915 926
458 704 832 684 676 615 956 655 936 716 983 777 732
459 578 868 618 907 910 717 947 631 698 925 574
460 609 583 936 482 750 989 689 985 986 539 829 958
461 683 772 773 649 825 591 809 474 698
462 560 679 811 714 587 496 963 903 796
463 544 713 935 717 943 967 969 505 699
464 518 817 850 921 538 508
465 672 962 552 649 909 613 920 894 917 683 766
466 768 770 522 917 536 798 800 552 940 839 586 976 726 994 616 621
467 651 920 668 950 831 845 982 603 988 992 481 486 496 628 629
468 769 946 962 697 626 659 755 691 668 884 789
469 903 906 779 663 800 808 553 973 957 577 834 546 722 855 474 677 866 744 549 889
470 520 777 780 917 537 666 551 827 602
471 936 781 686 527 597 697 539 510 709
472 768 546 998 744 746 733 655 657 819 724 662 600 883 956
473 612 485 839 907 789 996 858 895 581
474 865 644 634 825 910 722 729 557 754 863
475 546 685 943 944 953 834 583 802 846 632 978 489 753 760
476 905 526 664 530 919 920 932 553 951 975 482 622 634 511
477 644 646 783 920 690 700 964 976 849 745 761 892
478 705 996 678
479 961 738 646 940 974 483 893 979
480 891 753 920 892 733
481 783 657 662 801 948 823 569 954 955 850 864 998
482 774 907 526 914 918 806 487 910 609 486 491
483 778 770 779 486 904 714 948 980
484 673 674 836 841 888 933
485 643 647 787 542 938 705 718 975 851 598 607 872 635
486 993 925 664 819 590
487 786 798 496 945 952 705 834 715 717 719 618 750 624 626 504 638
488 768 520 941 528 532 792 931 679 682 555 557 948 694 702 971 972 719 618 807
489 835 549 727 943 937 514 981 492 946
490 880 932 773 942 596 853 567 982
491 576 581 871 797 847 546 786 564 787 884
492 647 933 686 562 755 570 844 732 871 502 759 892 511
493 518 526 527 786 989 692 694 820 958 727 849 611 615 498 762
494 853 557 578 725 831 842 898 511
495 775 876 554 561 695 785 810 803
496 523 700 829 712 734 501 630
497 579 580 630 554 862 507 924 510 645
498 640 641 645 551 863 855 735 614 499 889
499 576 832 554 652 906 563 968
500 514 643 921 793 675 812 687 885 860 618 633
501 603 649 916 502 527 559 700 542 895
502 640 518 775 904 664 927 680 939 561 897 967 719 986 607 865 761 508
503 910 618 652 685 957 721 789 760 724 731 861
504 512 667 581 775 849 675 665 603 991
505 514 770 526 784 899 537 929 587 860 866 997 890
506 770 899 523 531 664 546 936 939 823 907 980 603 619 765
507 922 956 834 784 547 542 563 796 981
508 512 916 924 549 572 719 731 618 621 881 883 888 762
509 544 864 780 616 823 777 877 759 952 702
510 992 656 868 746 528 546 869 698 991 922
511 512 513 897 913 663 668 798 571 578 842 860 740 889
512 541 682 688 566 710 841 859 895 636
513 641 909 933 553 686 687 712 691 954 830 580 718 728 751 757 766
514 784 661 690 564 694 927 838 594 855 612
515 522 911 669 824 843 716 596 991 739 758
516 832 763 678 795 743 844 685 951 671
517 610 957 930 882 787 534 925 565
518 610 955 676 932 714 829 981 810 764 797
519 774 658 986 678 814 815 945 828 980 747 623
520 901 530 565 826 706 965 597 600 733 736 757 762
521 577 919 584 938 835 756 964 725
522 576 901 583 556 743 813 944 689 601 956 991
523 776 913 534 927 827 705 712 970 592 597 743 627 761
524 772 959 904 550 681 810 946 568 720 725 788
525 673 681 683 684 850 857 735 738 870 620 749
526 768 781 912 539 925 671 578 717 853 986 744 751 880 754 633
527 781 658 795 539 682 822 569 954 710 736 744 907 636
528 779 663 536 794 567 572 842 716 849 742 752
529 879 998 966 721 530 659 695 760 953 986 559
530 870 618 551 884 693 889 859
531 657 921 669 543 680 685 943 702 599 875 629
532 608 935 588 941 879 661 539 990
533 897 643 676 679 712 969 715 620 973 655 818 886 631 932 996
534 661 918 795 930 923 805 810 596 867 748
535 834 868 940 654 727
536 832 892 971 760 561 951 592 733
537 929 643 958 555 940 845 944 771 980 702 677
538 909 790 586 715 847 872 620 887
539 661 795 934 724 986 997 613 883
540 781 542 930 568 825 982 599 856 859 732 865 872 631 893
541 577 667 742 748 779 556 621 975 768 695 601
542 650 554 686 688 773 698 829 914 837 725 989 608 877 889
543 917 791 682 954 583 715 623 889 894
544 783 879 553 948 728 573 659 740
545 768 549 681 857 664 663 985 746 990 767
546 734 781 560 931 606
547 548 550 562 952 566
548 964 572 894
549 644 904 909 914 841 823 831 663 727
550 910 925 967 944 673 720 722 597 855 751
551 707 612 647 809 942 656 883 740 666 827
552 642 903 653 910 658 661 561 835 590 909 770 881 767
553 905 683 687 976 561 562 793
554 558 562 563 570 829 703 578 838 586 847 979 633 638
555 656 936 570 833 590 733 736 756 873
556 715 646 745 727 720 821 599 602 927 863
557 879 646 582 740 623 584 996 846 795 860 931 881
558 665 800 818 564 969 716 854 890 994 744 628
559 673 681 940 717 797 666
560 978 705 675 900 684 754 808 689 658 636 637
561 685 825 959 714 739 729 603
562 813 656 670 676 805 807 943 948 827 970 717 848 732 733 631
563 627 889 593 823 568 697 853
564 736 766 739 929 807 899 574 875
565 898 600 658 791 666 667 824 830 910 590 854 607 871
566 766 700 877 702 676 571 574
567 800 759 717 761 890 987 669
568 774 737 680 779 781 786 745 954 719
569 918 799 805 822 714 978 598 731 760
570 921 669 673 692 985 991 624
571 662 796 670 676 823 953 589 851 868 752 757
572 665 800 947 573 836 837 734 750 638 767
573 581 753 925
574 640 645 902 648 666 937 697 866 876 878 766
575 935 780 663 684 922 707 853 585 859 766 757
576 658 787 924 685 944 823 580 853 610 612 997 880
577 781 954 701 579 844 718 601 620 623 754
578 640 658 915 951 709 953 753 627 630
579 608 984 585 818 592 881
580 640 898 786 942 690 695 861 614 999 638 894
581 609 955 807 682 753 691 789 905 603 949
582 649 652 793 805 683 826 968 973 976 596 984 863 614 617 620 749 626
583 704 866 791 961
584 685 660 645 928 811 951 959 718 984 612 759
585 962 740 982 999 783 792 804 924
586 896 998 650 685 877 786 851 694 793 607
587 913 659 921 802 931 932 956 834 966 738 746 755 633
588 728 621 873 594 663 724 948 925
589 813 815 839 972 883 857 724 842
590 876 916 708 838 955
591 672 833 898 711 664 592 625 915 714
592 640 781 681 702 713 638
593 832 707 966 905 775 990 884 899 890
594 704 742 648 924 999 694
595 791 925 786 821
596 645 793 807 846 630 916
597 721 845 954 773 606 959 765
598 996 609 680 940 621 718 895
599 960 648 812 840 914 981 895 670
600 897 899 900 780 717 920 658 921 737 860
601 928 868 626 727 625 726 663 633 859 914
602 895 872 937 764 954
603 769 656 795 965 872
604 831 679 618 850 814 983 826 701
605 772 877 789 739 985
606 757 934 838 780 656 625 626 822 732
607 653 693 624 753 886 636
608 929 774 817 830 953
609 897 978 992 786 628
610 988 779 972 864 832 765 998
611 749 712 687 902
612 771 792 663 964 613
613 898 958 661 637 862 821
614 768 769 830 793 658 789 633 827
615 923 694 822 690 751 863
616 843 657 779 923 733 790 917 911
617 757 825 664 634 731 766
618 769 771 906 915 690 727 748 758
619 768 920 928 812 813 832 712 861 890 622 889 636
620 915 923 678 689 820 703 843 847
621 881 747 922 958 629
622 653 915 750 667 672 679 719 866
623 848 965 851 660
624 770 676 687 691 847 848 852 983 880
625 798 671 812 928 969 983 991 994 875 876 629
626 900 775 918 920 798 935 811 999 989 739 764 750 892
627 647 749 786 830 755 664 729 638
628 809 691 797 912 884 661 791 702
629 653 698 861
630 710 647 712 632 776 851 655 830
631 640 706 675 726 712 982
632 847 918 942 733 977 809
633 799 932 937 687 825 953 872
634 866 648 714 680 904 830
635 897 855 691 896 815 950 954 983 984 987 752 884
636 669 744 920 872 774 969 637
637 749 845 651 966 894
638 777 811 684 952 960 834 992
639 791 698
640 789 689 819 953 961
641 943 724 759 824 852
642 772 774 783 807 804
643 770 701 836 968 715 725 727 869 889
644 847 701 779 851 691 916
645 711 780 787 791 924 767
646 927 902 967 855 816 881 860
647 673 834 771 842 781 877 887 977
648 695 941 823 664 773
649 832 656 769 895
650 908 978 764 781 858 822 692 856 889 891 732
651 795 931 963
652 787 792 673 807 701 830 847 732 913 889
653 943 997
654 978 755 950 733 889 700 669
655 929 995 774 809 685 911 688 659
656 683 935 907 791 804 689 714 817 862 891
657 897 866 781 824 754 879
658 799 891 732 849 729
659 929 682 941 887 824 953 778
660 779 791 805 695 957 839 982 746 880 884 759
661 897 780 796 931 805 679 944 722 730 990 992
662 672 966 921 721 980 730 965
663 727 788
664 782 921 725 988
665 781 816 948 944 909 851 999 880 767
666 928 675 902 682 715 941 920 692 948
667 903 906 791 797 675 963 992 742 889
668 898 843 716 792 762
669 790 677 827 959 865
670 852 936 855 967 792 756 837
671 961 835 881 778 919 693 728 730
672 707 679 735
673 880 785 829 751
674 678 872 956 739 810
675 772 917 932 691 738
676 803 830 963 802 973 894
677 996 967 749 988
678 961 687 804 894 996 885
679 757 724
680 955 710 899
681 821 844 859 861 997 872 881
682 901 788 896 813 905 955 745 754
683 798 948 720 986 996 895
684 822 856 792 751 723 700
685 940 925 700 752 885
686 939 817
687 737 967 793 870 984 731
688 899 804 806 785 776 727 841 942 868 736
689 983 783 915 887 728 879 704
690 771 783 787 969 988 747 749
691 812 819 789 837
692 813 844 953
693 897 912 867 785 950 794
694 897 908 808 813 815 947 841 854 892 893
695 789 792 806 849 893 745
696 805 871 706 807 715 755 698 741
697 816 721 946 854 810
698 945 802 821 984 794 817
699 869 753 901
700 772 968 834 712 983 739 996 872 749 759
701 973 725
702 738 771 726 779
703 939 807 819 947
704 771 778 908 910 882 821 838 851 862 863 894
705 814 879 819 965 816
706 809 938 904 788 920 885
707 782 827 831 961 836 780 856 730 987 745 747 890 764
708 833 739 775 855 895
709 817 747 905 856 830
710 713 840 857
711 740 775 744 908 970 837 953 714
712 780 789 846 781 730 735 997
713 800 965 999 808 784 921 847 880 766 864
714 772 905 922 795 849 978 731 752
715 924 884 936 809 811 976 869
716 952
717 896 827 740 997 744 757 889
718 928 802 821 799
719 770 905 823 891 797
720 835 870 893
721 800 806 781
722 919 985 916 857 742
723 773 966 874 887 880 841 794 767
724 775 802 983 990 998 756
725 914 795 801 813 777 744 956 877
726 774 816 812 817 966 842 977 872 762 893
727 812 778 962 965 844 974 738 753 886
728 839 848 999
729 965 857 904 746 761
730 826 837 739 869 877 760
731 775 785 948 903 975 986 756 758
732 774 802 946 821 827 972 849
733 961 924 926
734 769 892 942 785 830 793 798
735 738 739 737 746 791 771
736 800 840 798 989
737 997 963 826
738 962 838 891
739 935 841 844 853 874
740 972 948 893
741 992 817 909 888 790 964
742 918 927
743 898 849 942 852 762 915
744 832 898 826 925
745 768 940 809 824 848 977
746 895 903 937 759 792 969 918 863
747 870 874 793
748 995 841 914 888 944 808 795
749 813 755 890
750 875 778 756 900 914
751 787 917 791 925 932 774 943 995 890
752 774 941 943 937 999 892 957
753 828 938 812 895 771 889
754 770 955
755 931 834 784 867
756 784 798 923 900 873 787 922
757 899 904 921 926 851 763
758 962 812 899 942
759 837 827
760 951 854
761 806 807 889 813 814 858
762 838 778 785 793 958
763 782 805 945 979 952 826 926
764 770 773 777 920 947 959 961 964 967
765 814 774 971 877
766 897 802 948 785 817
767 898 782 799 831 835 839 944 978 854
768 906 913 899 933 948 849
769 827 909 916 793
770 896 986 835
771 793 952 955 998
772 782 806 859 995 996 871 873 881
773 793 806 938 976 991 995
774 946 820 837
775 805 829 928 835 974 994 883 892
776 998 807 847 853 919 926
777 801 856
778 959 853 993
779 898 988 811 960 997
780 823 858 847
781 908 791 794 817 949 842 830 850
782 992 957 792 817
783 964 832 814 993 878
784 933 916
785 898 835 977 888 890
786 918 944 977 875
787 801 808 948
788 875 874 866 957 977 973 958 829
789 805 849
790 814 791
791 920 972 875
792 811 944 840 955 854 995 997 876
793 829 841 843 880 886
794 972 981 867 958
795 905 815 819 838
796 929 995 798
797 813 824 889
798 814 816 982 859 878
799 897 912 937
800 920 943 938 815 831
801 880 914 833 831
802 936
803 993 930 867
804 964 907 828
805 960 836 883
806 811 933 895
807 814 818 951 839 986 852
808 876 889 858 865 863
809 854 922 924 963
810 929 906 826
811 935 823 993 870 889
812 830 841 843 989 983
813 896
814 849 884
815 994 871 866
816 843 941 937 885
817 896 999
818 880 827 985 981
819 926 832 837 842 909 848 854 861 881
820 898 957 871 854 888
821 971 879 849
822 895 945
823 997 843
824 928 826 834 991 887
825 854 874
826 897 930 931 996
827 921 958
828 848 870 847 884
829
830 920 837 848 997
831
832 906 931 834 980 862
833 906 981 883 854
834 909 878
835 898 851
836
837 962 990 859
838
839 951 854
840 977 852
841 901 902 949 996
842 902 856 987 996
843 964 931 948 944 984 998
844 896 939 941 928
845 866 965 950 924
846 944
847 959 957
848 908
849 998
850 886 949
851
852 930 997 951 909 918 905 940
853 939 955
854 887 879
855 940 954 888
856 971 921 983 894
857 887 979 935 879 914
858 928 886 972 981
859 951 914
860 994
861 993
862 977 971 877
863 940 919 988
864 989 916 953 895
865 868 975 943
866 960 972 970
867 964 985
868 967
869 993 902 997 874 909 990 980
870 925 974 888
871 886
872 915
873 911 899
874 897 985
875 921 951 973
876 965 940 971
877 940 930 917
878 998 979
879 930 940 957 895
880 919
881 943 924 953 954 988 891
882 969 971
883 919 923 932 943 950
884 907 970
885 959 889 923 998 949
886 949 987
887 930 968
888 971
889 932 949 984
890 906
891
892 916 901
893 921 942 985
894 901
895 975
896 960 936
897 917 947 968
898 954 983
899 965 994
900 930 963
901 931
902
903 920 951 963
904 949
905 935 910 984
906 960
907 911 978 983
908 956
909 962
910 928 996
911 990
912 941
913
914 947 991 997 981
915 958 916 987 926
916 995 997 960 952
917 971
918
919 934 984 993
920 963 968
921 981 999
922 965 970
923 928 982
924 934 952
925 998 956 975
926 977 969 952
927 978 980
928 960
929
930 961 937
931 968
932 994
933 998 967 974
934 991
935
936
937
938 993
939
940 950 989
941
942 968
943 981
944
945
946 975 965
947 971
948 991
949 993 972
950 960
951 994
952 965
953 999
954
955 964
956 976
957 960 998
958 972 991
959
960
961 967
962 997
963 994
964 966 972
965 974
966
967 983
968 999
969 982
970
971
972
973 994 979
974 990
975
976 978 994
977
978
979 984
980
981
982
983 986
984
985
986
987
988
989
990
991
992
993
994
995
996
997
998
999
