0 83 484 78 335
1 38 134 111 176 146 181 55 153 349
2 160 387 422 237 304 84 86 471 57 315
3 218 186 21 382 47
4 256 393 235 174 402 436 54 187
5 161 387 295 105 141 497 146 89 442 449
6 192 161 194 326 455 74 256 463 401 498 404 430 440 473 251
7 32 227 136 233 366 208 434 478
8 35 166 395 432 497 181 28 127
9 360 106 111 376 473 155 124 445 30
10 290 323 293 325 39 297 396 109 368 242 329 182 311 472 30 319
11 385 70 465 426 430 271 16 241 436 409 413
12 328 389 136 457 175 296 402 22 313 90 346
13 390 296 266 363 112 424 89
14 24 249 498 60 261
15 67 113 363 483 429 461 81 323 87 185 94
16 236 178 339 308 377 157
17 290 259 489 464 497 283 412
18 83 199 265 494 47 337 370 211 53 479 85
19 352 65 194 484 69 161 233 158 59 126
20 227 293 136 425 299 470 81 246 444 284 477 254
21 32 161 458 334 338 440 473 317
22 292 455 205 334 274 371 212 154
23 420 102 39 233 24 285
24 459 54 38 380 139 335 304 472 308 309 118 152 219 220 469
25 290 198 42 495 240 466 56 474
26 321 354 292 260 481 328 206 433 302 121 90 124
27 321 263 270 47 337 465 215 410
28 490 486 361 298 397 168 276 406 151 120 249 412 221 159
29 128 225 393 455 137 343 396 464 305 117 311 413
30 192 257 258 323 389 321 343 416 311 155
31 34 165 328 361 206 278 253 382 255
32 352 385 239 48 150 345 349
33 168 492 125 390
34 354 457 366 208 433
35 324 188 362 349 464 146 314 316 157
36 353 308 458 115 180 213 116 90 348
37 129 387 93 112 368 464 349 120 221 255
38 352 235 164 103 360 396 231 76 239 359 308 480 215 126
39 131 486 71 264 455 402 369 338 374 475
40 322 419 486 296 363 87 315 476
41 418 360 73 460 498 497 274 54 447 223
42 353 278 327 374 54 478
43 96 163 164 230 166 362 269 177 274 276 406 158
44 385 131 197 359 402 248 114 436 342 216
45 101 360 140 82 472 345 154
46 416 385 66 195 356 417 72 300 462 403 87 152 283 253
47 256 431 396 271 305 149 122 190 469
48 160 391 137 241 180 85
49 448 363 460 365 433 190 183 312 153 476 222
50 320 65 130 67 424 490 363 396 146 436 86 126
51 387 327 413 114 310 442 188 61
52 325 296 237 334 466 467 56 346 59 478
53 339 165 460 202 235 268 429 302 83 404 309 406 410 348 458 158
54 389 139 76 174 495 82 116 150 100 346 379
55 416 226 71 266 376 471 120 154
56 116 497 72 361 404 77 334 272 328 343 155 221
57 327 296 73 106 331 392 339 180 279 436 189
58 226 229 262 273 74 203 209 406 330 293
59 450 261 422 104 73 362 140 174 146 462 374 316
60 129 69 71 364 111 339
61 336 162 70 231 139 78 240 142 183
62 327 458 107 495 466 408 154 188 478
63 145 124 265 342 103
64 481 194 451 454 198 104 108 470 442 445
65 256 104 180 215 340 287
66 451 69 461 431 274 276 279
67 260 118
68 164 295 460 174 336 180 309 406 452 154 317 255
69 453 487 74 366 336 372 118 375 281 123
70 97 227 292 73 173 88 475
71 279 417 162 267 497 275 126 191
72 452 362 306 436 186
73 225 443 466 496 306 339 425 282
74 296 395 396 392 147 183 254 166
75 147 486 135 361 331 339 408 153
76 416 385 324 102 488 77 112 114 147 148 472 404 186 124 381 182
77 490 484 202 432 337 274 435 496 86 375 477 286
78 448 162 169 234 140 93 409 91 191
79 354 268 207 245 118 119 122
80 288 290 390 199 264 301 334 403 468 310 439 441 314 284 478
81 160 320 290 152 476
82 257 475 488 491 271 208 177 343 283
83 100 403 214 412
84 133 198 295 138 203 495 368 113 279 446
85 227 388 455 459 236 178 431 433
86 407 261 215 140 434 241 435 342 119 379 338
87 259 388 165 429 302 339 436
88 204 239 499 340 347 317
89 384 161 325 394 460 206 337 147 238 152 125 287
90 137 139 255 223
91 449 98 420 226 333 176 337 210 343 367 220 222 255
92 320 161 474 362 460 207 241 349 375 120 441 410 444 317
93 481 98 452 422 488 395 493 239 272 402 120 431 383
94 450 133 232 269 366 212 213 101
95 481 455 425 140 205 400 186 156 378
96 162 134 428 400 378 311 186 157
97 354 484 229 488 171 175 464 470 343 377 315 381
98 386 261 471 389 427 172 431 179 149 215 382 223
99 417 455 105 492 436 437 425 314 220 253
100 481 232 380 362 493 317 434 457 477 156 253 478
101 106 236 207 401 116 124
102 160 361 463 343
103 197 174 382 374 314 187 254 133
104 379 232 330 284
105 260 405 489 300 461 271 210 451 261 150 408 378 479 229
106 387 463 212 373 343 287
107 130 452 328 374 345 382 405
108 227 433 425 266 268 142 145 342 411
109 386 260 133 232 421 300 418 304 280 223
110 132 178 371 314 317 447
111 220 332 495 467 329 251
112 455 381 240 277 407 282 285
113 256 289 162 360 418 244 118 311 399
114 355 196 215 433 340 382 183 218 155 395 222
115 483 360 439 185 348 157 287
116 385 406 170 331 208 148 154 283 298 255
117 353 418 196 190
118 386 266 368 403 431 445 133
119 129 131 196 261 339 308 468 442 124
120 214 290 356 455 273 297 150 446 197
121 322 454 168 434 277 312 411
122 224 243 211
123 482 451 372 362 240 401 340 441 276 251 159
124 416 257 162 324 341 318
125 486 390 137 172 275 341 233 329 351
126 481 459 492
127 321 226 425 269 310 183 475
128 320 395 421 391 393 299 150 439
129 389 471 373 168 201 331 238 369 435 366 318 255
130 344 417 450
131 329 362 400 402 435 149 158
132 384 225 262 170 433 494 406
133 361 235 365 498 185
134 193 296 298 178 146 405 313 249
135 164 296 273 370 374 356 475 316 191
136 235 485 454 167 202 238 207 214 471 185 220 490
137 356 266 395 173 305 338 377 330
138 424 225 442 453
139 386 230 201 362 216 210 340 281 250 297 156 446
140 261 402 427 336 338 250
141 322 166 361 211 244 277 425 377 250
142 195 419 372 405 154
143 453 226 438 425 339 290 147 278 447 220 255
144 257 450 388 289 361 446 470 410 415 158 223
145 485 170 237 305 338 179 183 152 255
146 480 290 260 243 265 170 334 175 179 340 247 436 412
147 456 232 401 345 382
148 361 440 407 152 348 284
149 259 388 327 360 397 210 348 158
150 395 171 175 305 498 179 297 409 442
151 200 208 202 275
152 195 486 259 199 468 243 281 442 312
153 228 364 238 189 178 221
154 161 391 264 260
155 431 349
156 225 195 490 178 382 346 317 286
157 194 229 490 273 434 350 342 188 318 373
158 383 240 197 227 360 396 311 313 223
159 320 226 387 484 295 265 396 333 338 436 350
160 237 374 285
161 307 234 303 368 361 378 421
162 392 425 428 367
163 192 272 235 424 233 303 240 468 472 217 411 318
164 256 321 456 425 469 440 409 346 254
165 353 227 391 203 338 351 381
166 482 423 295 462 207 465 434 469 250 303
167 264 483 438 302
168 267 199 492 318 225 217 299 469
169 289 274 431 242 478
170 288 231 368 245 218 476 222
171 195 324 394 461 240 336 464 283 255
172 192 440 254
173 358 405 485 339 373 223
174 187 361 364 243 221
175 353 449 317 287
176 485 353 234 257 430 307 441
177 370 322 186
178 240 332 308 445 286 415
179 419 293 429 315 414
180 497 265 202 311 344 242 213 281 280 251
181 229 444 375 379 380 478
182 353 418 295 396 399 460 287
183 260 335 279 218 379 190
184 226 462 351
185 480 290 196 435 469 441 447 389
186 263 477 287 242 255 232 382
187 244 277 217
188 484 268 406 377 318
189 288 289 358 481 331 239 448 280
190 353 259 369 394 332 410 373
191 194 425 242 212 279
192 418 422 391 297 205 208 435 244 446 407 478
193 454 275 293 406
194 453 487 394 338 367 306 382 446 312 445 222
195 324 397 304 347
196 289 274 434 406 218 495 445 223
197 368 342 325 294 364 427 272 465 446 310 357
198 291 483 409 285
199 451 266 210 351
200 480 390 265 493 211 405 246
201 354 325 360 208 497 400 218
202 320 225 228 273 457 266 303 209
203 417 483 262 232 454 465 338 243 214 217 411 478
204 392 495 400 313 475
205 262 243 471 472 282
206 480 393 426 238 340 341
207 433 374
208 257 427 236 209 414 246 478 379 413 329
209 260 317 474
210 257 267 294 392 300 433 465 407 313 446
211 384 296 499 212
212 395 453 267 368 373 279 485 378 475 316
213 280 495
214 452 495 319
215 487 226 279 447
216 228 302 431 433 246 343
217 361 362 238 427 375 267 394 459
218 363 398 432 404 315 362
219 299 484 455 363 413
220 464 393 240 499 341 443
221 231 299 367 336 405 313
222 321 359 273 327 333 238 382
223 400 236 276 443
224 288 235 348 250
225 376 237 303 369 306 472 365 245 249 228 447
226 259 324 332 317
227 289 316 458 438 284
228 390 230 369 265 306 301 280 242 281 345
229 355 477 310
230 389 488 388 370 310 260 378 443 459
231 321 460 430 243 431 414
232 282 297 414 296 276 382 374 250
233 293
234 343 296 426 267 465 402 302 247
235 275 358 383 285 245
236 259 449 488 487 462 463 317
237 323 358 363 258 402 338 376 349
238 418 306 318 286 411
239 257 388 394 408 377 254 351
240 304 364 268
241 320 418 483 325 392 457 445 317 414
242 353 370 329 479 476
243 386 259 292 453 361 396 397 465 316
244 355 430 269 382
245 429 336 378 477 447
246 418 451 466 309 439 473 469
247 353 267 370 367 315 350
248 416 326 423 491 334 344
249 324 329 266 440 346 283
250 288 321 373
251 362 459 300 465 280 348
252 468 363 404 390
253 386 302 398 350
254 389 398 415 303 319
255 285 471 496 381 436 324
256 419 268
257 291 426 430 333 281
258 482 419 460 428 259 345 383
259 354
260 337 402 438 313 284
261 387 357 488 298 493 268
262 293 336 401 274
263 357 266 371 280 325
264 423 490 399 372 277 404 381 405
265 352 475 488 490 400 319 437 474
266 425 430 369 300
267 321 322 387 357 402 408 346
268 328 380 330 371 311
269 271 499
270 455 363 300 495 447
271 388
272 467 373 348 382
273 356 299 371 436
274 353 332 493 492 277 410 477
275 361 430 285 368 466 279
276 353 451 399 345 459
277 496 341
278 396 373
279 352 390 397 461 470 376
280 395 421 363 342
281 454 362 300 336 438
282 423 490 382
283 405 408 346
284 323 376
285 417 462 338 479 380
286 292 293 297 434 305 334
287 359 369 445
288
289 320 455 363 342
290 395 295 493 427 446
291 388 476 479
292 486 494 401
293 429 400 376
294 398 372 440 378 317 350
295 340 308 358 382
296 489 327 431 468 436 408 314 350
297 312 478 377
298 365 371
299 489 374
300 324 491 471 314
301 435 349
302 385 328
303 392 424 470
304 385 328 427 419
305 386 451 395 334 464 498 499 309 312 314 373
306 397 496
307 451 331 369 319
308 322 333 403
309 448 360 367 311 313 446
310 359 425
311 470
312 483 445
313 321 429 435
314 421 323 371 407
315 334 437 406 344 446
316 360 393 364 382 479
317 498 495 494
318 407 361
319 448 362 399 444
320 385 481 413
321 366 438 412
322 360 471 439
323 391
324 358 465 328 456 346 379
325 487 376
326 370 395
327 397
328 397 376 467 415 379
329 374
330 418 357 334 488 434
331 427 422 487 405 409 380 441
332 427 468 475
333 454 429 341 445
334 463 380 479
335 356 392 439
336 425 414 415
337 362 427 431 387
338 497 491 470 381 339 488
339 439 361
340 480 400
341 386 390 399 411
342 419 390 476 413 473 345 474 380
343 411 429 464
344
345 410
346 443 403
347 462 401 468 469
348 449 355 390 455 364
349 420
350 418
351 387 467
352 422 455
353 356
354 392 491 428 406 375 460
355 417 451 491 410
356 448 460 371 457 380
357 459
358 427 360 471 412
359 398 410
360 388 422 424 454 367
361 418 425 400
362 389 437 413 434 378
363
364 368
365 418 378
366 448 499 380
367 374
368 429
369 422 393 469 473 410 490 381
370 430 467
371 405
372 448 467
373 430
374 449 386 452 439 446
375 491 404
376 476 424 475
377 422 469 472
378 497 465 448
379 390 394 466 478 415
380 431
381 451 465 453 430 411
382 431 400
383 436
384 405
385 417 426 399 497
386 451 442
387 391 456 407
388 447 491 415
389 426
390
391 493
392 473 415
393 486 424 439
394 448 443 458 477
395 439
396 477 433 478 410
397 398 399 409 478
398 418 403
399 450
400 437
401 491 460 420
402 496 427
403 485 426 444
404 497 445
405
406
407 432 423 449
408
409 456 443
410 418 428 463 477
411 421 456 460
412
413 493
414
415 448 486 431
416 491 464 437
417 499 468
418
419 478
420 488 457
421 431
422 484 477 499
423 480 473
424 434
425 481
426 463 470
427 489
428 491 466
429
430
431 481
432
433
434
435
436
437
438 484
439 483 473
440 458 484
441 451
442 475 458
443 459 469
444
445 485 459
446 451 475
447
448 499
449 450 494 469
450
451 492
452
453 497
454
455 486
456
457 499
458
459 487
460
461 499
462
463
464
465
466
467 486 490
468
469
470 489 499
471
472 475
473 474
474 498
475
476
477
478
479 488 493
480 487
481
482
483
484 496
485
486
487 488
488 499
489
490
491
492
493
494 496
495
496
497
498
499
