100
12 42 44 45 56 88 96 
5 25 29 32 33 35 40 55 62 73 92 96 98 
5 16 33 39 43 58 66 72 
5 14 18 27 31 33 56 76 90 94 
7 8 13 24 28 52 53 80 88 97 
1 2 3 6 8 24 35 61 87 94 99 
5 7 9 45 56 89 
4 6 18 40 46 68 73 75 80 85 98 
4 5 11 34 61 67 
6 12 14 31 35 36 88 95 99 
20 50 
8 12 13 29 32 38 72 
0 9 11 15 19 35 46 49 52 64 84 
4 11 14 16 
3 9 13 23 24 40 45 59 69 
12 27 39 56 57 65 77 96 
2 13 17 20 30 35 
16 56 65 66 97 
3 7 19 21 32 63 
12 18 23 44 81 
10 16 23 66 68 85 91 93 
18 25 31 32 52 53 61 
33 34 51 66 75 88 92 
14 19 20 36 49 60 67 69 91 97 
4 5 14 27 74 86 97 99 
1 21 30 34 42 48 78 
27 30 34 54 79 87 
3 15 24 26 28 29 56 59 67 69 70 89 92 95 97 
4 27 29 30 57 62 68 85 
1 11 27 28 32 41 92 
16 25 26 28 42 63 72 84 
3 9 21 34 37 50 56 60 62 72 89 
1 11 18 21 29 33 34 44 47 55 
1 2 3 22 32 40 49 53 57 58 75 78 80 
8 22 25 26 31 32 36 38 62 71 74 84 88 99 
1 5 9 12 16 39 52 53 57 
9 23 34 41 65 98 
31 71 72 77 84 89 
11 34 44 58 64 74 
2 15 35 42 43 54 58 92 
1 7 14 33 44 68 95 
29 36 43 49 57 64 67 76 
0 25 30 39 47 59 95 
2 39 41 44 59 70 73 97 
0 19 32 38 40 43 45 63 70 
0 6 14 44 47 65 67 73 97 
7 12 49 50 53 59 62 93 
32 42 45 49 51 68 82 86 
25 49 50 55 77 
12 23 33 41 46 47 48 50 57 65 
10 31 46 48 49 52 
22 47 54 55 59 66 79 88 
4 12 21 35 50 55 59 71 91 
4 21 33 35 46 56 65 
26 39 51 56 57 62 78 
1 32 48 51 52 58 
0 3 6 15 17 27 31 53 54 58 67 91 
15 28 33 35 41 49 54 61 74 
2 33 38 39 55 56 59 61 66 73 89 90 98 
14 27 42 43 46 51 52 58 62 63 81 90 
23 31 63 64 73 78 
5 8 21 57 58 63 78 79 82 
1 28 31 34 46 54 59 64 81 88 92 94 
18 30 44 59 60 61 73 93 
12 38 41 60 62 65 66 79 
15 17 36 45 49 53 64 66 67 76 88 
2 17 20 22 51 58 64 65 69 70 
8 23 27 41 45 56 65 68 69 70 77 92 
7 20 28 40 47 67 71 72 
14 23 27 66 67 70 71 72 
27 43 44 66 67 69 
34 37 52 68 69 72 73 
2 11 30 31 37 68 69 71 74 86 
1 7 43 45 58 60 63 71 
24 34 38 57 72 98 
7 22 33 76 79 83 93 97 
3 41 65 75 77 
15 37 48 67 76 79 
25 33 54 60 61 81 87 88 89 
26 51 61 64 75 77 81 82 98 
4 7 33 81 84 97 
19 59 62 78 79 80 82 83 84 85 88 
47 61 79 81 85 92 96 
75 81 89 91 
12 30 34 37 80 81 85 87 91 95 
7 20 28 81 82 84 
24 47 72 
5 26 78 84 88 
0 4 9 22 34 51 62 65 78 81 87 
6 27 31 37 58 78 83 93 
3 58 59 93 
20 23 52 56 83 84 93 96 
1 22 27 29 39 62 67 82 99 
20 46 63 75 89 90 91 94 
3 5 62 93 97 
9 27 40 42 84 98 
0 1 15 82 91 
4 17 23 24 27 43 45 75 80 94 
1 7 36 58 74 79 95 
5 9 24 34 92 