1	2	1
1	3	1
1	4	1
1	5	1
1	6	1
1	7	1
1	8	1
1	9	1
1	10	1
1	11	1
1	12	1
1	13	1
1	14	1
1	15	1
1	16	1
1	17	1
1	18	1
1	19	1
1	20	1
1	21	1
1	22	1
1	23	1
1	24	1
2	4	1
2	6	1
2	7	1
2	11	1
2	12	1
2	13	1
2	14	1
2	15	1
2	19	1
2	20	1
2	21	1
2	23	1
2	24	1
2	67	1
2	120	1
2	121	1
2	122	1
2	123	1
2	124	1
2	125	1
3	4	1
3	5	1
3	6	1
3	7	1
3	8	1
3	9	1
3	10	1
3	13	1
3	14	1
3	16	1
3	17	1
3	18	1
3	20	1
3	21	1
3	23	1
3	24	1
3	67	1
3	125	1
3	130	1
3	145	1
3	146	1
3	147	1
3	148	1
3	149	1
3	150	1
3	157	1
3	159	1
3	160	1
4	6	1
4	7	1
4	8	1
4	9	1
4	11	1
4	12	1
4	13	1
4	14	1
4	15	1
4	16	1
4	17	1
4	18	1
4	19	1
4	20	1
4	21	1
4	23	1
4	24	1
4	101	1
4	112	1
4	121	1
4	128	1
4	133	1
4	137	1
4	149	1
4	150	1
4	152	1
4	164	1
4	165	1
4	166	1
4	167	1
4	168	1
4	169	1
4	170	1
4	171	1
4	172	1
4	173	1
4	174	1
4	177	1
4	178	1
4	179	1
5	6	1
5	10	1
5	17	1
5	22	1
5	67	1
5	153	1
5	155	1
5	160	1
5	164	1
5	165	1
6	7	1
6	10	1
6	11	1
6	12	1
6	13	1
6	14	1
6	15	1
6	17	1
6	19	1
6	20	1
6	21	1
6	22	1
6	23	1
6	24	1
6	153	1
6	155	1
6	164	1
6	165	1
7	9	1
7	10	1
7	11	1
7	12	1
7	13	1
7	14	1
7	15	1
7	18	1
7	19	1
7	20	1
7	21	1
7	23	1
7	24	1
7	26	1
7	27	1
7	28	1
7	48	1
7	54	1
7	55	1
7	67	1
7	74	1
7	75	1
7	76	1
7	80	1
7	81	1
7	83	1
7	84	1
7	85	1
7	86	1
7	87	1
7	89	1
7	90	1
7	92	1
7	93	1
7	95	1
7	96	1
7	97	1
7	98	1
7	100	1
7	101	1
7	102	1
7	103	1
7	104	1
7	105	1
7	106	1
7	107	1
7	108	1
7	109	1
7	110	1
7	111	1
7	116	1
7	117	1
7	118	1
7	119	1
7	120	1
7	121	1
7	122	1
7	123	1
7	124	1
7	125	1
7	127	1
7	128	1
7	130	1
7	133	1
7	137	1
7	138	1
7	139	1
7	140	1
7	148	1
7	149	1
7	150	1
7	152	1
7	153	1
7	154	1
7	155	1
7	157	1
7	164	1
7	165	1
7	166	1
7	167	1
7	168	1
7	169	1
7	170	1
7	171	1
7	172	1
7	173	1
7	174	1
7	177	1
7	178	1
7	179	1
7	191	1
8	9	1
8	16	1
8	17	1
8	18	1
8	21	1
8	23	1
8	24	1
8	28	1
8	80	1
8	81	1
8	91	1
8	92	1
8	94	1
8	98	1
8	100	1
8	110	1
8	111	1
9	11	1
9	13	1
9	14	1
9	16	1
9	17	1
9	18	1
9	21	1
9	23	1
9	24	1
9	67	1
9	109	1
9	125	1
9	130	1
9	134	1
9	137	1
9	146	1
9	148	1
9	157	1
9	159	1
9	160	1
9	192	1
10	12	1
10	13	1
10	14	1
10	15	1
10	17	1
10	18	1
10	19	1
10	20	1
10	28	1
10	54	1
10	67	1
10	74	1
10	75	1
10	76	1
10	80	1
10	83	1
10	85	1
10	86	1
10	88	1
10	93	1
10	109	1
10	111	1
10	112	1
10	114	1
10	119	1
10	125	1
10	145	1
10	146	1
10	147	1
10	149	1
10	153	1
10	155	1
10	158	1
10	159	1
10	160	1
10	164	1
10	165	1
11	12	1
11	13	1
11	14	1
11	15	1
11	18	1
11	19	1
11	20	1
11	21	1
11	23	1
11	24	1
11	67	1
11	80	1
11	89	1
11	90	1
11	95	1
11	96	1
11	97	1
11	101	1
11	102	1
11	103	1
11	106	1
11	107	1
11	109	1
11	116	1
11	117	1
11	118	1
11	120	1
11	121	1
11	124	1
11	125	1
11	130	1
11	133	1
11	137	1
11	148	1
12	13	1
12	14	1
12	15	1
12	18	1
12	19	1
12	20	1
12	21	1
12	23	1
12	24	1
12	67	1
12	74	1
12	76	1
12	93	1
12	101	1
12	111	1
12	112	1
12	114	1
12	121	1
12	125	1
12	128	1
12	133	1
12	137	1
12	149	1
12	150	1
12	152	1
12	158	1
12	159	1
12	160	1
12	164	1
12	165	1
12	166	1
12	167	1
12	168	1
12	169	1
12	170	1
12	171	1
12	172	1
12	173	1
12	174	1
13	14	1
13	15	1
13	18	1
13	19	1
13	20	1
13	21	1
13	23	1
13	24	1
13	56	1
13	67	1
13	74	1
13	76	1
13	89	1
13	90	1
13	93	1
13	101	1
13	111	1
13	112	1
13	114	1
13	121	1
13	122	1
13	123	1
13	125	1
13	128	1
13	133	1
13	137	1
13	149	1
13	150	1
13	152	1
13	154	1
13	158	1
13	159	1
13	160	1
13	164	1
13	165	1
13	166	1
13	167	1
13	168	1
13	169	1
13	170	1
13	171	1
13	172	1
13	173	1
13	174	1
13	177	1
13	178	1
13	179	1
13	187	1
13	188	1
13	189	1
14	15	1
14	18	1
14	19	1
14	20	1
14	21	1
14	23	1
14	24	1
14	67	1
14	74	1
14	76	1
14	93	1
14	101	1
14	111	1
14	112	1
14	114	1
14	121	1
14	125	1
14	128	1
14	133	1
14	137	1
14	149	1
14	150	1
14	152	1
14	158	1
14	159	1
14	160	1
14	164	1
14	165	1
14	166	1
14	167	1
14	168	1
14	169	1
14	170	1
14	171	1
14	172	1
14	173	1
14	174	1
14	187	1
15	18	1
15	19	1
15	20	1
15	21	1
15	23	1
15	24	1
15	67	1
15	74	1
15	76	1
15	93	1
15	101	1
15	111	1
15	112	1
15	114	1
15	121	1
15	125	1
15	128	1
15	133	1
15	137	1
15	149	1
15	150	1
15	152	1
15	158	1
15	159	1
15	160	1
15	164	1
15	165	1
15	166	1
15	167	1
15	168	1
15	169	1
15	170	1
15	171	1
15	172	1
15	173	1
15	174	1
15	177	1
15	178	1
15	179	1
16	17	1
16	18	1
16	21	1
16	23	1
16	24	1
16	28	1
16	80	1
16	81	1
16	88	1
16	91	1
16	92	1
16	93	1
16	94	1
16	98	1
16	100	1
16	110	1
16	111	1
16	114	1
17	18	1
17	21	1
17	22	1
17	23	1
17	24	1
17	145	1
17	146	1
17	147	1
17	148	1
17	149	1
17	150	1
18	19	1
18	20	1
18	21	1
18	23	1
18	24	1
18	67	1
18	74	1
18	76	1
18	80	1
18	89	1
18	90	1
18	93	1
18	95	1
18	96	1
18	97	1
18	101	1
18	102	1
18	107	1
18	111	1
18	112	1
18	114	1
18	116	1
18	117	1
18	118	1
18	121	1
18	125	1
18	128	1
18	133	1
18	137	1
18	149	1
18	150	1
18	152	1
18	158	1
18	159	1
18	160	1
18	164	1
18	165	1
18	166	1
18	167	1
18	168	1
18	169	1
18	170	1
18	171	1
18	172	1
18	173	1
18	174	1
19	20	1
19	21	1
19	23	1
19	24	1
19	54	1
19	67	1
19	74	1
19	75	1
19	76	1
19	86	1
19	93	1
19	100	1
19	101	1
19	109	1
19	111	1
19	112	1
19	114	1
19	121	1
19	125	1
19	128	1
19	133	1
19	135	1
19	137	1
19	139	1
19	149	1
19	150	1
19	152	1
19	153	1
19	154	1
19	155	1
19	158	1
19	159	1
19	160	1
19	164	1
19	165	1
19	166	1
19	167	1
19	168	1
19	169	1
19	170	1
19	171	1
19	172	1
19	173	1
19	174	1
20	21	1
20	23	1
20	24	1
20	54	1
20	67	1
20	74	1
20	75	1
20	76	1
20	80	1
20	86	1
20	89	1
20	90	1
20	93	1
20	95	1
20	96	1
20	97	1
20	100	1
20	101	1
20	102	1
20	106	1
20	107	1
20	109	1
20	111	1
20	112	1
20	114	1
20	116	1
20	117	1
20	118	1
20	120	1
20	121	1
20	122	1
20	123	1
20	124	1
20	125	1
20	128	1
20	133	1
20	137	1
20	139	1
20	149	1
20	150	1
20	152	1
20	153	1
20	154	1
20	155	1
20	158	1
20	159	1
20	160	1
20	164	1
20	165	1
20	166	1
20	167	1
20	168	1
20	169	1
20	170	1
20	171	1
20	172	1
20	173	1
20	174	1
20	177	1
20	178	1
20	179	1
21	23	1
21	24	1
21	101	1
21	112	1
21	121	1
21	128	1
21	133	1
21	137	1
21	149	1
21	150	1
21	152	1
21	164	1
21	165	1
21	166	1
21	167	1
21	168	1
21	169	1
21	170	1
21	171	1
21	172	1
21	173	1
21	174	1
21	177	1
21	178	1
21	179	1
22	88	1
22	93	1
22	119	1
22	133	1
22	176	1
22	193	1
23	24	1
23	27	1
23	31	1
23	67	1
23	74	1
23	80	1
23	89	1
23	90	1
23	91	1
23	93	1
23	95	1
23	96	1
23	97	1
23	101	1
23	102	1
23	107	1
23	109	1
23	112	1
23	116	1
23	117	1
23	118	1
23	119	1
23	121	1
23	122	1
23	123	1
23	124	1
23	126	1
23	127	1
23	128	1
23	130	1
23	131	1
23	132	1
23	133	1
23	134	1
23	137	1
23	148	1
23	149	1
23	150	1
23	152	1
23	153	1
23	157	1
23	164	1
23	165	1
23	166	1
23	167	1
23	168	1
23	169	1
23	170	1
23	171	1
23	172	1
23	173	1
23	174	1
23	177	1
23	178	1
23	179	1
24	67	1
24	80	1
24	89	1
24	90	1
24	95	1
24	96	1
24	97	1
24	101	1
24	102	1
24	103	1
24	106	1
24	107	1
24	109	1
24	116	1
24	117	1
24	118	1
24	120	1
24	121	1
24	124	1
24	125	1
24	133	1
24	168	1
24	177	1
24	178	1
24	179	1
25	26	1
25	27	1
25	28	1
26	27	1
26	28	1
26	62	1
26	74	1
26	80	1
26	81	1
26	87	1
26	89	1
26	90	1
26	94	1
26	98	1
26	100	1
26	103	1
26	105	1
26	106	1
26	108	1
26	109	1
26	110	1
26	111	1
26	115	1
26	117	1
26	119	1
26	144	1
27	28	1
27	35	1
27	48	1
27	54	1
27	55	1
27	62	1
27	70	1
27	74	1
27	75	1
27	76	1
27	83	1
27	84	1
27	85	1
27	86	1
27	87	1
27	88	1
27	89	1
27	90	1
27	93	1
27	94	1
27	95	1
27	96	1
27	97	1
27	102	1
27	104	1
27	105	1
27	107	1
27	109	1
27	110	1
27	111	1
27	112	1
27	113	1
27	114	1
27	116	1
27	117	1
27	118	1
27	119	1
27	125	1
27	138	1
27	139	1
27	140	1
27	144	1
28	54	1
28	62	1
28	67	1
28	70	1
28	74	1
28	75	1
28	80	1
28	83	1
28	84	1
28	85	1
28	86	1
28	88	1
28	89	1
28	90	1
28	91	1
28	92	1
28	93	1
28	94	1
28	98	1
28	103	1
28	105	1
28	108	1
28	109	1
28	110	1
28	111	1
28	112	1
28	114	1
28	115	1
28	117	1
28	119	1
28	124	1
28	144	1
29	30	1
29	31	1
29	32	1
29	33	1
30	31	1
30	32	1
30	33	1
30	78	1
30	79	1
30	143	1
31	32	1
31	33	1
31	34	1
31	35	1
31	36	1
31	37	1
31	42	1
31	50	1
31	51	1
31	52	1
31	53	1
31	58	1
31	60	1
31	61	1
31	62	1
31	64	1
31	65	1
31	66	1
31	68	1
31	69	1
31	70	1
31	72	1
31	91	1
31	97	1
31	101	1
31	122	1
31	123	1
31	126	1
31	131	1
31	132	1
31	134	1
31	141	1
31	142	1
31	143	1
31	161	1
31	180	1
31	183	1
31	184	1
32	33	1
32	34	1
32	35	1
32	36	1
32	37	1
32	38	1
32	39	1
32	40	1
32	41	1
32	42	1
32	43	1
32	44	1
32	45	1
32	46	1
32	47	1
32	50	1
32	51	1
32	52	1
32	53	1
32	56	1
32	57	1
32	59	1
32	60	1
32	61	1
32	62	1
32	63	1
32	65	1
32	66	1
32	67	1
32	68	1
32	70	1
32	71	1
32	72	1
32	73	1
32	90	1
32	139	1
32	154	1
32	156	1
32	161	1
32	181	1
32	190	1
32	196	1
33	34	1
33	35	1
33	36	1
33	37	1
33	38	1
33	40	1
33	41	1
33	42	1
33	43	1
33	44	1
33	45	1
33	46	1
33	47	1
33	50	1
33	51	1
33	52	1
33	53	1
33	56	1
33	57	1
33	58	1
33	59	1
33	60	1
33	61	1
33	62	1
33	63	1
33	65	1
33	66	1
33	67	1
33	68	1
33	69	1
33	70	1
33	72	1
33	73	1
33	139	1
33	154	1
33	156	1
34	35	1
34	36	1
34	37	1
34	38	1
34	39	1
34	40	1
34	41	1
34	42	1
34	43	1
34	44	1
34	45	1
34	46	1
34	47	1
35	36	1
35	37	1
35	38	1
35	39	1
35	40	1
35	41	1
35	42	1
35	43	1
35	44	1
35	45	1
35	46	1
35	47	1
35	48	1
35	49	1
35	50	1
35	51	1
35	52	1
35	53	1
35	54	1
35	55	1
35	56	1
35	57	1
35	58	1
35	59	1
35	60	1
35	61	1
35	62	1
35	63	1
35	64	1
35	65	1
35	66	1
35	67	1
35	68	1
35	69	1
35	70	1
35	71	1
35	72	1
35	73	1
35	74	1
35	75	1
35	76	1
36	37	1
36	39	1
36	40	1
36	42	1
36	43	1
36	44	1
36	45	1
36	46	1
36	47	1
36	51	1
36	56	1
36	60	1
36	66	1
36	68	1
36	70	1
36	71	1
36	73	1
36	141	1
36	142	1
36	143	1
37	38	1
37	39	1
37	40	1
37	41	1
37	42	1
37	43	1
37	44	1
37	45	1
37	46	1
37	47	1
37	51	1
37	52	1
37	56	1
37	60	1
37	61	1
37	62	1
37	64	1
37	66	1
37	68	1
37	70	1
37	71	1
37	73	1
37	114	1
37	156	1
37	161	1
38	39	1
38	40	1
38	41	1
38	42	1
38	44	1
38	45	1
38	51	1
38	52	1
38	56	1
38	60	1
38	61	1
38	62	1
38	63	1
38	64	1
38	66	1
38	67	1
38	68	1
38	70	1
38	73	1
38	139	1
38	154	1
38	156	1
38	185	1
38	186	1
39	40	1
39	42	1
39	43	1
39	44	1
39	47	1
39	51	1
39	56	1
39	60	1
39	66	1
39	68	1
39	70	1
39	71	1
39	73	1
40	41	1
40	42	1
40	43	1
40	44	1
40	45	1
40	46	1
40	47	1
40	51	1
40	60	1
40	66	1
40	68	1
41	42	1
41	44	1
41	45	1
41	51	1
41	52	1
41	60	1
41	61	1
41	62	1
41	63	1
41	64	1
41	66	1
41	67	1
41	70	1
41	71	1
41	114	1
41	196	1
42	43	1
42	44	1
42	45	1
42	46	1
42	47	1
42	50	1
42	51	1
42	52	1
42	53	1
42	56	1
42	57	1
42	58	1
42	59	1
42	60	1
42	61	1
42	62	1
42	63	1
42	65	1
42	66	1
42	67	1
42	68	1
42	69	1
42	70	1
42	73	1
42	125	1
42	139	1
42	154	1
42	156	1
43	44	1
43	45	1
43	46	1
43	47	1
43	51	1
43	56	1
43	60	1
43	66	1
43	68	1
43	70	1
43	71	1
43	73	1
43	181	1
44	45	1
44	46	1
44	47	1
44	52	1
44	60	1
44	61	1
44	62	1
44	63	1
44	66	1
44	68	1
44	70	1
45	46	1
45	47	1
45	51	1
45	60	1
45	61	1
45	62	1
45	66	1
45	68	1
45	70	1
45	72	1
45	73	1
45	156	1
46	47	1
46	51	1
46	52	1
46	60	1
46	61	1
46	62	1
46	64	1
46	66	1
46	68	1
46	70	1
46	117	1
46	156	1
46	161	1
47	51	1
47	56	1
47	60	1
47	66	1
47	68	1
47	70	1
47	71	1
47	73	1
47	82	1
47	126	1
47	127	1
47	128	1
47	129	1
47	130	1
47	133	1
47	135	1
47	136	1
47	137	1
48	54	1
48	55	1
48	67	1
48	74	1
48	75	1
48	76	1
48	80	1
48	84	1
48	85	1
48	86	1
48	87	1
48	90	1
48	104	1
48	105	1
48	115	1
48	117	1
48	119	1
48	138	1
48	139	1
48	140	1
48	157	1
50	52	1
50	53	1
50	58	1
50	62	1
50	65	1
50	66	1
50	69	1
50	70	1
51	52	1
51	56	1
51	60	1
51	61	1
51	62	1
51	64	1
51	66	1
51	68	1
51	70	1
51	71	1
51	73	1
51	156	1
51	161	1
52	53	1
52	56	1
52	58	1
52	60	1
52	61	1
52	62	1
52	63	1
52	64	1
52	65	1
52	66	1
52	67	1
52	68	1
52	69	1
52	70	1
52	73	1
52	139	1
52	154	1
52	156	1
52	161	1
53	57	1
53	58	1
53	59	1
53	62	1
53	65	1
53	66	1
53	67	1
53	69	1
53	70	1
53	125	1
53	183	1
53	184	1
54	55	1
54	70	1
54	74	1
54	75	1
54	76	1
54	80	1
54	81	1
54	82	1
54	83	1
54	84	1
54	85	1
54	86	1
54	87	1
54	88	1
54	91	1
54	93	1
54	97	1
54	98	1
54	99	1
54	100	1
54	104	1
54	109	1
54	110	1
54	111	1
54	112	1
54	114	1
54	119	1
54	138	1
54	139	1
54	140	1
54	153	1
54	154	1
54	155	1
54	191	1
55	67	1
55	74	1
55	75	1
55	76	1
55	80	1
55	81	1
55	82	1
55	84	1
55	85	1
55	86	1
55	87	1
55	90	1
55	91	1
55	93	1
55	97	1
55	98	1
55	99	1
55	100	1
55	104	1
55	105	1
55	109	1
55	110	1
55	111	1
55	115	1
55	117	1
55	119	1
55	120	1
55	123	1
55	124	1
55	138	1
55	139	1
55	140	1
56	60	1
56	61	1
56	62	1
56	66	1
56	67	1
56	68	1
56	70	1
56	71	1
56	73	1
56	89	1
56	90	1
56	121	1
56	125	1
56	138	1
56	139	1
56	154	1
56	156	1
56	189	1
57	58	1
57	59	1
57	60	1
57	62	1
57	65	1
57	66	1
57	67	1
57	69	1
57	70	1
57	72	1
57	125	1
57	161	1
58	59	1
58	62	1
58	65	1
58	66	1
58	67	1
58	69	1
58	70	1
58	125	1
59	60	1
59	62	1
59	65	1
59	66	1
59	67	1
59	69	1
59	70	1
59	72	1
59	84	1
59	122	1
59	124	1
59	125	1
59	189	1
60	61	1
60	62	1
60	63	1
60	64	1
60	66	1
60	67	1
60	68	1
60	70	1
60	71	1
60	72	1
60	73	1
60	89	1
60	90	1
60	139	1
60	154	1
60	156	1
60	161	1
60	185	1
60	186	1
61	62	1
61	63	1
61	64	1
61	66	1
61	67	1
61	68	1
61	70	1
61	73	1
61	84	1
61	89	1
61	93	1
61	102	1
61	139	1
61	154	1
61	156	1
61	161	1
61	180	1
61	181	1
62	63	1
62	64	1
62	65	1
62	66	1
62	67	1
62	68	1
62	69	1
62	70	1
62	72	1
62	73	1
62	74	1
62	89	1
62	90	1
62	94	1
62	102	1
62	105	1
62	109	1
62	110	1
62	111	1
62	117	1
62	124	1
62	139	1
62	144	1
62	154	1
62	156	1
62	161	1
62	185	1
62	186	1
63	64	1
63	66	1
63	67	1
63	70	1
63	154	1
63	185	1
63	186	1
64	66	1
64	68	1
64	156	1
64	161	1
65	66	1
65	67	1
65	69	1
65	70	1
65	125	1
66	67	1
66	68	1
66	69	1
66	70	1
66	71	1
66	73	1
66	117	1
66	139	1
66	154	1
66	156	1
67	68	1
67	69	1
67	70	1
67	72	1
67	73	1
67	74	1
67	75	1
67	76	1
67	80	1
67	84	1
67	88	1
67	89	1
67	90	1
67	93	1
67	95	1
67	96	1
67	100	1
67	101	1
67	102	1
67	103	1
67	104	1
67	105	1
67	106	1
67	107	1
67	108	1
67	109	1
67	110	1
67	111	1
67	112	1
67	113	1
67	114	1
67	115	1
67	116	1
67	117	1
67	118	1
67	120	1
67	121	1
67	122	1
67	123	1
67	124	1
67	125	1
67	134	1
67	136	1
67	139	1
67	149	1
67	151	1
67	154	1
67	155	1
67	156	1
67	157	1
67	158	1
67	159	1
67	160	1
67	172	1
67	173	1
67	185	1
67	186	1
67	187	1
67	188	1
67	189	1
67	192	1
67	193	1
67	194	1
68	70	1
68	71	1
68	73	1
68	139	1
68	154	1
68	156	1
68	161	1
69	70	1
69	125	1
69	161	1
70	71	1
70	72	1
70	73	1
70	74	1
70	84	1
70	88	1
70	93	1
70	114	1
70	119	1
70	120	1
70	124	1
70	125	1
70	139	1
70	141	1
70	154	1
70	156	1
70	183	1
70	184	1
70	197	1
71	73	1
71	114	1
71	180	1
71	181	1
71	182	1
71	190	1
72	142	1
73	139	1
73	154	1
73	156	1
74	75	1
74	76	1
74	80	1
74	83	1
74	84	1
74	85	1
74	86	1
74	87	1
74	88	1
74	89	1
74	90	1
74	93	1
74	94	1
74	97	1
74	104	1
74	105	1
74	109	1
74	110	1
74	111	1
74	112	1
74	114	1
74	117	1
74	119	1
74	122	1
74	125	1
74	138	1
74	139	1
74	140	1
74	144	1
74	149	1
74	155	1
74	158	1
74	159	1
74	160	1
74	193	1
74	194	1
75	76	1
75	80	1
75	81	1
75	82	1
75	83	1
75	84	1
75	85	1
75	86	1
75	87	1
75	88	1
75	91	1
75	93	1
75	97	1
75	98	1
75	99	1
75	100	1
75	104	1
75	109	1
75	110	1
75	111	1
75	112	1
75	114	1
75	119	1
75	120	1
75	123	1
75	124	1
75	138	1
75	139	1
75	140	1
75	153	1
75	154	1
75	155	1
75	191	1
76	80	1
76	83	1
76	85	1
76	86	1
76	87	1
76	93	1
76	104	1
76	111	1
76	112	1
76	114	1
76	119	1
76	125	1
76	138	1
76	139	1
76	140	1
76	149	1
76	158	1
76	159	1
76	160	1
77	78	1
77	79	1
78	79	1
79	182	1
80	81	1
80	82	1
80	83	1
80	84	1
80	85	1
80	86	1
80	87	1
80	88	1
80	89	1
80	90	1
80	91	1
80	92	1
80	93	1
80	94	1
80	95	1
80	96	1
80	97	1
80	98	1
80	99	1
80	100	1
80	101	1
80	102	1
80	103	1
80	104	1
80	105	1
80	106	1
80	107	1
80	108	1
80	109	1
80	110	1
80	111	1
80	112	1
80	113	1
80	114	1
80	115	1
80	116	1
80	117	1
80	118	1
80	119	1
81	82	1
81	84	1
81	87	1
81	89	1
81	90	1
81	91	1
81	94	1
81	98	1
81	99	1
81	100	1
81	103	1
81	105	1
81	106	1
81	108	1
81	109	1
81	110	1
81	111	1
81	117	1
81	119	1
82	84	1
82	91	1
82	98	1
82	99	1
82	100	1
82	109	1
82	110	1
82	111	1
82	126	1
82	127	1
82	128	1
82	129	1
82	130	1
82	133	1
82	135	1
82	136	1
82	137	1
83	84	1
83	85	1
83	86	1
83	88	1
83	90	1
83	92	1
83	93	1
83	94	1
83	104	1
83	109	1
83	110	1
83	111	1
83	112	1
83	114	1
83	117	1
83	119	1
83	125	1
84	88	1
84	89	1
84	90	1
84	91	1
84	93	1
84	98	1
84	99	1
84	100	1
84	102	1
84	103	1
84	105	1
84	109	1
84	110	1
84	111	1
84	114	1
84	115	1
84	117	1
84	119	1
84	122	1
84	123	1
84	124	1
84	125	1
84	136	1
84	138	1
84	189	1
84	191	1
85	86	1
85	87	1
85	88	1
85	93	1
85	104	1
85	109	1
85	111	1
85	112	1
85	114	1
85	119	1
85	138	1
85	139	1
85	140	1
86	87	1
86	88	1
86	93	1
86	97	1
86	100	1
86	104	1
86	109	1
86	111	1
86	112	1
86	114	1
86	119	1
86	138	1
86	139	1
86	140	1
86	153	1
86	154	1
86	155	1
87	89	1
87	90	1
87	97	1
87	98	1
87	100	1
87	103	1
87	104	1
87	105	1
87	106	1
87	108	1
87	109	1
87	113	1
87	117	1
87	119	1
87	128	1
87	138	1
87	139	1
87	140	1
87	164	1
87	165	1
88	90	1
88	93	1
88	94	1
88	103	1
88	109	1
88	111	1
88	112	1
88	114	1
88	117	1
88	119	1
88	125	1
88	133	1
88	176	1
88	193	1
89	90	1
89	94	1
89	95	1
89	96	1
89	97	1
89	98	1
89	100	1
89	101	1
89	102	1
89	103	1
89	105	1
89	106	1
89	107	1
89	108	1
89	109	1
89	110	1
89	111	1
89	113	1
89	116	1
89	117	1
89	118	1
89	119	1
89	121	1
89	122	1
89	123	1
89	124	1
89	125	1
89	144	1
89	154	1
89	155	1
89	174	1
89	189	1
89	194	1
90	93	1
90	94	1
90	95	1
90	96	1
90	97	1
90	98	1
90	100	1
90	101	1
90	102	1
90	103	1
90	105	1
90	106	1
90	107	1
90	108	1
90	109	1
90	110	1
90	111	1
90	112	1
90	113	1
90	114	1
90	115	1
90	116	1
90	117	1
90	118	1
90	119	1
90	121	1
90	122	1
90	123	1
90	124	1
90	125	1
90	144	1
90	154	1
90	155	1
90	157	1
90	163	1
90	189	1
90	194	1
91	92	1
91	93	1
91	97	1
91	98	1
91	99	1
91	100	1
91	101	1
91	109	1
91	110	1
91	111	1
91	119	1
91	122	1
91	123	1
91	126	1
91	131	1
91	132	1
91	134	1
91	138	1
92	110	1
92	111	1
93	94	1
93	97	1
93	100	1
93	103	1
93	106	1
93	109	1
93	111	1
93	112	1
93	114	1
93	115	1
93	117	1
93	119	1
93	120	1
93	122	1
93	123	1
93	124	1
93	125	1
93	133	1
93	134	1
93	138	1
93	149	1
93	158	1
93	159	1
93	160	1
93	163	1
93	174	1
93	176	1
93	191	1
93	193	1
94	98	1
94	100	1
94	105	1
94	109	1
94	110	1
94	111	1
94	117	1
94	119	1
94	144	1
94	157	1
95	96	1
95	97	1
95	100	1
95	101	1
95	102	1
95	103	1
95	105	1
95	107	1
95	113	1
95	116	1
95	117	1
95	118	1
95	122	1
95	123	1
95	155	1
95	194	1
96	97	1
96	100	1
96	101	1
96	102	1
96	105	1
96	107	1
96	113	1
96	116	1
96	117	1
96	118	1
96	122	1
96	123	1
96	155	1
96	194	1
97	101	1
97	102	1
97	107	1
97	112	1
97	116	1
97	117	1
97	118	1
97	119	1
97	122	1
97	123	1
97	126	1
97	127	1
97	128	1
97	131	1
97	132	1
97	134	1
97	140	1
97	153	1
97	164	1
97	165	1
98	99	1
98	100	1
98	103	1
98	105	1
98	106	1
98	108	1
98	109	1
98	110	1
98	111	1
98	117	1
98	119	1
99	100	1
99	109	1
99	110	1
99	111	1
100	102	1
100	103	1
100	105	1
100	106	1
100	107	1
100	108	1
100	109	1
100	110	1
100	111	1
100	116	1
100	117	1
100	118	1
100	119	1
100	124	1
100	138	1
100	139	1
100	153	1
100	154	1
100	155	1
101	102	1
101	107	1
101	116	1
101	117	1
101	118	1
101	121	1
101	122	1
101	123	1
101	126	1
101	128	1
101	131	1
101	132	1
101	133	1
101	134	1
101	137	1
101	149	1
101	150	1
101	152	1
101	159	1
101	164	1
101	165	1
101	166	1
101	167	1
101	168	1
101	169	1
101	170	1
101	171	1
101	172	1
101	173	1
101	174	1
101	187	1
101	188	1
101	189	1
102	105	1
102	107	1
102	108	1
102	113	1
102	116	1
102	117	1
102	118	1
102	122	1
102	123	1
102	124	1
102	155	1
102	194	1
103	105	1
103	106	1
103	108	1
103	109	1
103	111	1
103	114	1
103	115	1
103	117	1
103	119	1
103	120	1
103	124	1
103	125	1
104	112	1
104	119	1
104	122	1
104	138	1
104	139	1
104	140	1
104	155	1
104	193	1
104	194	1
105	106	1
105	107	1
105	108	1
105	109	1
105	110	1
105	111	1
105	113	1
105	115	1
105	116	1
105	117	1
105	118	1
105	119	1
105	144	1
106	108	1
106	109	1
106	117	1
106	119	1
106	120	1
106	124	1
106	125	1
107	108	1
107	113	1
107	116	1
107	117	1
107	118	1
107	122	1
107	123	1
107	155	1
107	194	1
108	109	1
108	113	1
108	115	1
108	116	1
108	117	1
108	118	1
108	119	1
109	110	1
109	111	1
109	112	1
109	114	1
109	117	1
109	119	1
109	120	1
109	123	1
109	124	1
109	125	1
109	134	1
109	139	1
109	144	1
109	153	1
109	154	1
109	155	1
109	157	1
109	159	1
109	187	1
109	192	1
109	193	1
110	111	1
110	117	1
110	124	1
110	144	1
111	112	1
111	114	1
111	117	1
111	119	1
111	124	1
111	125	1
111	144	1
111	149	1
111	158	1
111	159	1
111	160	1
112	114	1
112	117	1
112	119	1
112	121	1
112	122	1
112	125	1
112	138	1
112	140	1
112	149	1
112	155	1
112	158	1
112	159	1
112	160	1
112	171	1
112	172	1
112	173	1
112	174	1
112	193	1
112	194	1
113	116	1
113	117	1
113	118	1
113	122	1
113	123	1
113	155	1
113	174	1
113	194	1
114	117	1
114	119	1
114	125	1
114	149	1
114	158	1
114	159	1
114	160	1
115	117	1
115	124	1
115	198	1
116	117	1
116	118	1
116	122	1
116	123	1
116	155	1
116	194	1
117	118	1
117	119	1
117	122	1
117	123	1
117	125	1
117	144	1
117	155	1
117	163	1
117	194	1
118	122	1
118	123	1
118	124	1
118	155	1
118	194	1
119	133	1
119	138	1
119	139	1
119	140	1
119	176	1
119	193	1
120	122	1
120	123	1
120	124	1
120	125	1
121	125	1
121	128	1
121	133	1
121	135	1
121	137	1
121	149	1
121	150	1
121	152	1
121	153	1
121	154	1
121	160	1
121	164	1
121	165	1
121	166	1
121	167	1
121	168	1
121	169	1
121	170	1
121	171	1
121	172	1
121	173	1
121	174	1
121	189	1
122	123	1
122	124	1
122	125	1
122	126	1
122	131	1
122	132	1
122	134	1
122	155	1
122	159	1
122	187	1
122	188	1
122	189	1
122	193	1
122	194	1
123	124	1
123	125	1
123	126	1
123	131	1
123	132	1
123	134	1
123	155	1
123	159	1
123	187	1
123	188	1
123	189	1
123	194	1
124	125	1
124	189	1
125	149	1
125	154	1
125	158	1
125	159	1
125	160	1
125	187	1
125	189	1
126	127	1
126	128	1
126	129	1
126	130	1
126	131	1
126	132	1
126	133	1
126	134	1
126	135	1
126	136	1
126	137	1
127	128	1
127	129	1
127	130	1
127	133	1
127	135	1
127	136	1
127	137	1
128	129	1
128	130	1
128	133	1
128	135	1
128	136	1
128	137	1
128	140	1
128	148	1
128	149	1
128	150	1
128	152	1
128	164	1
128	165	1
128	166	1
128	167	1
128	168	1
128	169	1
128	170	1
128	171	1
128	172	1
128	173	1
128	174	1
129	130	1
129	131	1
129	133	1
129	135	1
129	136	1
129	137	1
129	148	1
129	149	1
129	166	1
129	167	1
129	168	1
129	170	1
129	175	1
129	176	1
130	133	1
130	135	1
130	136	1
130	137	1
130	148	1
130	157	1
130	183	1
130	184	1
131	132	1
131	133	1
131	134	1
131	137	1
131	148	1
131	166	1
131	167	1
131	175	1
131	176	1
131	183	1
131	184	1
132	134	1
132	137	1
132	141	1
132	155	1
133	135	1
133	136	1
133	137	1
133	148	1
133	149	1
133	150	1
133	152	1
133	164	1
133	165	1
133	166	1
133	167	1
133	168	1
133	169	1
133	170	1
133	171	1
133	172	1
133	173	1
133	174	1
133	175	1
133	176	1
133	177	1
133	178	1
133	179	1
133	193	1
134	157	1
134	192	1
135	136	1
135	137	1
135	148	1
135	153	1
135	168	1
135	171	1
135	172	1
135	173	1
136	137	1
136	150	1
136	159	1
136	165	1
136	169	1
136	179	1
136	187	1
136	192	1
137	148	1
137	149	1
137	150	1
137	152	1
137	153	1
137	155	1
137	164	1
137	165	1
137	166	1
137	167	1
137	168	1
137	169	1
137	170	1
137	171	1
137	172	1
137	173	1
137	174	1
137	175	1
137	176	1
138	139	1
138	140	1
139	140	1
139	153	1
139	154	1
139	155	1
139	156	1
140	164	1
140	165	1
141	142	1
141	143	1
142	143	1
145	146	1
145	147	1
145	148	1
145	149	1
145	150	1
146	147	1
146	148	1
146	149	1
146	150	1
147	148	1
147	149	1
147	150	1
148	149	1
148	150	1
148	166	1
148	167	1
148	168	1
148	170	1
148	175	1
148	176	1
149	150	1
149	152	1
149	158	1
149	159	1
149	160	1
149	164	1
149	165	1
149	166	1
149	167	1
149	168	1
149	169	1
149	170	1
149	171	1
149	172	1
149	173	1
149	174	1
150	152	1
150	164	1
150	165	1
150	166	1
150	167	1
150	168	1
150	169	1
150	170	1
150	171	1
150	172	1
150	173	1
150	174	1
150	179	1
150	192	1
151	152	1
152	164	1
152	165	1
152	166	1
152	167	1
152	168	1
152	169	1
152	170	1
152	171	1
152	172	1
152	173	1
152	174	1
153	154	1
153	155	1
153	164	1
153	165	1
153	168	1
153	171	1
153	172	1
153	173	1
153	177	1
153	178	1
154	155	1
154	156	1
154	185	1
154	186	1
154	189	1
154	191	1
155	160	1
155	164	1
155	165	1
155	177	1
155	178	1
155	193	1
155	194	1
156	161	1
158	159	1
158	160	1
159	160	1
159	187	1
159	188	1
159	189	1
160	173	1
162	163	1
164	165	1
164	166	1
164	167	1
164	168	1
164	169	1
164	170	1
164	171	1
164	172	1
164	173	1
164	174	1
164	179	1
164	192	1
165	166	1
165	167	1
165	168	1
165	169	1
165	170	1
165	171	1
165	172	1
165	173	1
165	174	1
165	179	1
165	192	1
166	167	1
166	168	1
166	169	1
166	170	1
166	171	1
166	172	1
166	173	1
166	174	1
166	175	1
166	176	1
167	168	1
167	169	1
167	170	1
167	171	1
167	172	1
167	173	1
167	174	1
167	175	1
167	176	1
168	169	1
168	170	1
168	171	1
168	172	1
168	173	1
168	174	1
168	177	1
168	178	1
168	179	1
169	170	1
169	171	1
169	172	1
169	173	1
169	174	1
169	179	1
169	192	1
170	171	1
170	172	1
170	173	1
170	174	1
171	172	1
171	173	1
171	174	1
172	173	1
172	174	1
173	174	1
175	176	1
175	195	1
176	193	1
177	178	1
177	179	1
178	179	1
179	192	1
180	181	1
180	182	1
181	182	1
182	190	1
183	184	1
185	186	1
187	188	1
187	189	1
188	189	1
193	194	1
