0 1 2 499 498
1 2 3 499
2 3 497
3 4 5
4 360 5 6
5 6 7
6 8 7
7 8 9
8 9 10
9 10 11
10 11 12
11 12 13
12 13 14
13 14 15
14 16 15
15 16 17
16 17 18
17 18 19
18 19 20
19 20 21
20 244 21
21 22 23
22 24 23
23 24 25
24 25 26
25 26 405
26 27 28
27 28 29
28 29 30
29 30 31
30 32 31
31 32 33
32 33 34 391
33 34 35
34 35 36
35 36 37
36 291 37 495
37 117 38 39
38 40 94 39
39 40 41
40 41 42
41 42 43
42 43 44
43 44 45
44 45 46
45 46 47
46 48 47
47 48 49
48 49 50
49 50 51
50 51 52
51 52 53
52 53 54
53 54 55
54 56 55
55 56 57
56 57 58
57 58 59
58 59 60
59 60 61
60 61 62
61 62 63
62 64 63
63 64 65
64 65 66 447
65 66 67
66 67 68
67 68 69
68 69 70
69 70 71
70 72 71
71 72 73
72 73 74
73 74 75
74 75 76
75 76 77 199
76 77 78
77 78 79
78 80 79
79 80 81
80 81 82
81 82 83
82 83 84
83 84 85
84 85 86
85 86 87
86 88 87
87 88 89
88 89 90
89 90 91
90 91 92
91 92 93
92 93 94
93 94 95
94 95
95 96 97
96 98 390
97 98 99
98 99 100
99 100 101
100 101 102
101 102 103
102 104 103
103 104 105
104 105 106
105 106 107
106 107 108
107 108 109
108 109 110
109 110 111
110 112 111
111 112 113
112 113 114
113 114 115
114 115 116
115 116 117
116 117 118
117 118 184
118 120 119
119 120 121
120 121 122
121 122 123
122 123 124
123 124 125
124 125 126
125 126 127
126 128 127
127 128 129
128 129 130
129 130 131
130 131 132
131 132 133
132 133 134
133 134 135
134 136 135
135 136 137 378 453
136 137 138
137 138 139
138 139 140
139 140 141
140 141 142
141 142 143
142 144 143
143 144 145
144 145 146
145 146 147
146 147 148
147 148 149
148 149 150
149 150 151
150 152 151
151 152 153
152 153 154
153 154 155
154 155 156
155 156 157
156 157 158
157 158 159
158 160 159
159 160 161
160 161 162
161 162 163
162 163 164
163 164 165
164 165 166
165 166 167
166 168 167
167 168 169 387
168 169 170
169 170 171
170 171 172
171 172 173
172 173 174
173 174 175
174 176 175
175 176 177
176 177 178
177 178 179
178 179 180 371
179 180 181
180 181 182
181 182 183
182 184 183
183 184 185
184 185
185 186 187
186 428 187 188
187 188 189
188 189 190
189 190 191
190 192 191
191 320 193
192 193 194
193 194 195
194 195 196
195 196 197
196 197 198
197 198 199
198 200 199
199 200
200 201 202
201 202 203
202 203 204
203 204 205
204 205 206
205 206 207
206 208 207
207 208 209
208 209 210
209 210 211
210 211 212
211 212 213
212 213 214
213 214 215
214 216 215
215 216 217
216 217 218
217 218 219
218 219 220
219 220 221
220 221 222
221 222 223
222 224 223
223 224 225
224 226 491
225 226 227
226 227 228
227 228 229
228 229 230
229 230 231
230 232 231
231 232 233
232 233 234
233 234 235
234 235 236
235 236 237
236 237 238
237 238 239
238 240 239
239 240 241
240 241 242
241 242 243
242 243 244
243 244 245
244 245 246
245 246 247
246 248 247
247 248 249
248 249 250
249 250 251
250 251 252
251 252 253
252 253 254
253 254 255
254 256 255
255 256 257
256 257 258
257 258 259
258 259 260
259 260 261
260 261 262
261 262 263
262 264 263
263 264 265
264 265 266
265 266 267
266 267 268 308
267 268 269
268 269 270
269 270 271
270 272 271
271 272 273
272 273 274
273 274 275
274 275 276
275 384 276
276 277 278
277 278 279
278 280 279
279 280 281
280 281 282
281 282 283
282 283 284
283 284 285
284 285 286
285 286 287
286 288 287
287 288 289
288 289 290
289 290 291
290 291 292
291 292 293
292 293 294
293 294 295
294 296 295
295 296 297
296 297 298
297 298 299
298 299 300
299 300 301 402
300 301 302
301 302 303
302 304 303
303 304 305
304 305 306
305 306 307
306 307 308
307 308 309
308 309
309 310 311
310 312 311
311 312 313
312 313 314
313 314 315
314 315 316
315 316 317
316 317 318
317 318 319
318 320 319
319 320 321
320 321 322
321 322 323
322 323 324
323 324 325 359
324 325 326
325 326 327
326 328 327
327 328 329
328 329 330
329 330 331
330 331 332
331 332 333
332 333 334
333 334 335
334 336 335
335 336 337
336 337 338
337 338 339
338 339 340
339 340 341
340 341 342
341 342 343
342 344 343
343 344 345
344 345 346
345 346 347
346 347 348
347 348 349
348 349 350
349 350 351
350 354 351
351 352 353
352 353 354
353 354 355
354 355 356
355 356 357
356 357 358
357 358 359
358 360 359
359 360
360 362
361 362 363
362 363 364
363 364 365
364 365 366
365 427 366 367
366 368 367
367 368 369
368 369 370
369 370 371
370 371 372
371 424 372
372 373 374
373 374 375
374 376 375
375 376 377
376 377 378
377 378 379
378 379
379 380 381
380 381 382
381 382 383
382 384 383
383 384 385
384 385 386
385 386 387
386 387 388
387 388
388 389 390
389 390 391
390 392 391
391 392
392 393 394
393 394 395
394 395 396
395 396 397
396 397 398
397 398 399
398 400 399
399 400 401
400 401 402
401 402 403
402 404
403 404 405
404 405 406
405 406 407
406 408 407
407 408 409
408 409 410
409 410 411
410 411 412
411 412 413
412 413 414
413 414 415
414 416 415
415 416 417
416 417 418
417 418 419
418 419 420
419 420 421
420 421 422
421 422 423
422 424 423
423 424 425
424 425
425 426 427
426 427 428
427 428
428 429
429 430 431
430 432 431
431 432 433
432 433 434
433 434 435
434 435 436
435 436 437
436 437 438
437 438 439
438 440 439
439 440 441
440 441 442
441 442 443
442 443 444
443 444 445
444 445 446
445 446 447
446 448 447
447 449
448 449 450
449 450 451
450 451 452
451 452 453 457
452 453 454
453 454
454 456 455
455 456 457
456 457 458
457 458
458 459 460
459 460 461
460 461 462
461 462 463
462 464 463
463 464 465
464 465 466
465 466 467
466 467 468
467 468 469
468 469 470
469 470 471
470 472 471
471 472 473
472 473 474
473 474 475
474 475 476
475 476 477
476 477 478
477 478 479
478 480 479
479 480 481
480 481 482
481 482 483
482 483 484
483 484 485
484 485 486
485 486 487
486 488 487
487 488 489
488 489 490
489 490 491
490 491 492
491 492 493
492 493 494
493 494 495
494 496 495
495 497
496 497 498
497 498 499
498 499
499
