0 1
0 2
0 3
0 4
0 5
0 6
0 19
1 3
1 4
1 18
1 22
2 3
2 9
2 20
2 25
3 4
3 5
3 6
3 7
3 8
3 18
3 20
3 23
3 25
3 26
3 38
4 7
4 8
4 17
4 18
4 19
4 20
4 24
4 25
4 26
4 38
5 6
5 26
5 27
5 42
5 44
5 45
5 55
5 57
5 58
5 61
5 62
6 26
6 32
6 33
6 38
6 55
6 57
6 58
6 61
6 62
6 63
7 8
8 9
8 14
8 20
8 25
8 26
8 27
10 11
10 12
10 13
10 14
10 15
10 16
11 12
11 13
11 14
11 29
11 30
11 31
11 32
11 33
12 13
12 14
12 15
12 34
12 35
12 36
13 14
13 28
13 37
14 16
14 20
14 25
14 28
14 37
15 16
15 29
15 30
15 34
15 36
15 37
15 39
15 49
15 52
16 18
16 37
17 18
17 19
17 20
17 21
17 22
18 19
18 20
18 21
18 22
18 23
19 22
19 23
20 25
20 38
21 29
21 30
21 38
21 49
21 52
21 53
22 24
24 38
24 46
24 53
26 27
26 38
26 46
26 55
26 57
26 61
26 62
26 63
27 33
27 35
27 36
27 41
27 42
27 43
27 44
27 45
27 53
27 61
27 62
27 63
27 64
27 65
27 66
27 67
28 56
29 30
29 34
29 49
29 52
30 34
30 36
30 47
30 52
31 32
31 33
31 36
31 39
31 55
31 56
31 59
31 60
32 33
32 36
32 39
32 55
32 60
32 62
33 39
33 42
33 55
33 60
33 62
34 36
34 47
34 52
35 36
35 39
35 41
35 43
35 45
35 49
35 64
36 39
36 43
36 45
36 56
36 58
36 64
36 69
37 40
37 51
37 54
38 49
38 53
39 40
39 41
39 42
39 43
39 44
39 45
39 56
40 47
40 48
40 51
40 54
40 56
41 43
41 45
41 66
41 68
41 69
42 44
42 45
42 66
42 67
43 45
43 66
43 68
43 69
44 45
44 65
44 66
44 67
45 62
45 63
45 64
45 65
45 66
45 67
47 48
47 49
47 50
47 51
47 52
47 53
48 51
48 54
48 55
49 52
49 53
50 53
50 57
51 55
53 57
53 58
54 56
55 58
55 60
55 61
55 62
57 58
57 62
58 62
58 64
59 60
60 62
61 62
61 63
62 63
63 67
64 65
64 66
65 66
65 67
66 67
67 69
68 69
